10/23 06:06:56 PM | 
10/23 06:06:56 PM | Parameters:
10/23 06:06:56 PM | ALPHA_LR=0.003
10/23 06:06:56 PM | ALPHA_WEIGHT_DECAY=0.001
10/23 06:06:56 PM | AZ=True
10/23 06:06:56 PM | BATCH_SIZE=128
10/23 06:06:56 PM | DATA_PATH=./data/
10/23 06:06:56 PM | DATASET=cifar100
10/23 06:06:56 PM | EPOCHS=100
10/23 06:06:56 PM | GPUS=[1]
10/23 06:06:56 PM | HV_TYPE=0
10/23 06:06:56 PM | INIT_CHANNELS=16
10/23 06:06:56 PM | LAYERS=8
10/23 06:06:56 PM | MULTI_AVG_RANK=0
10/23 06:06:56 PM | MULTI_AVG_SIZE=0
10/23 06:06:56 PM | N_NODES=4
10/23 06:06:56 PM | NAME=cifar100
10/23 06:06:56 PM | OPS_SET=3
10/23 06:06:56 PM | PATH=searchs/cifar100
10/23 06:06:56 PM | PLOT_PATH=searchs/cifar100/plots
10/23 06:06:56 PM | PRINT_FREQ=50
10/23 06:06:56 PM | PROXYLESS=True
10/23 06:06:56 PM | SBP=False
10/23 06:06:56 PM | SEED=2
10/23 06:06:56 PM | SMART_SAMPLE=False
10/23 06:06:56 PM | W_GRAD_CLIP=5.0
10/23 06:06:56 PM | W_LR=0.025
10/23 06:06:56 PM | W_LR_MIN=0.001
10/23 06:06:56 PM | W_MOMENTUM=0.9
10/23 06:06:56 PM | W_WEIGHT_DECAY=0.0003
10/23 06:06:56 PM | WORKERS=4
10/23 06:06:56 PM | 
10/23 06:06:56 PM | Logger is set - training start
####### ALPHA #######
# Alpha - normal
tensor([[0.1429, 0.1428, 0.1428, 0.1427, 0.1430, 0.1428, 0.1429],
        [0.1430, 0.1428, 0.1427, 0.1431, 0.1430, 0.1427, 0.1427]],
       device='cuda:1', grad_fn=<SoftmaxBackward>)
tensor([[0.1430, 0.1426, 0.1428, 0.1432, 0.1427, 0.1429, 0.1427],
        [0.1428, 0.1429, 0.1428, 0.1428, 0.1429, 0.1429, 0.1428],
        [0.1428, 0.1427, 0.1431, 0.1430, 0.1428, 0.1430, 0.1426]],
       device='cuda:1', grad_fn=<SoftmaxBackward>)
tensor([[0.1430, 0.1427, 0.1430, 0.1428, 0.1430, 0.1429, 0.1427],
        [0.1429, 0.1428, 0.1429, 0.1429, 0.1429, 0.1430, 0.1426],
        [0.1428, 0.1430, 0.1428, 0.1428, 0.1429, 0.1426, 0.1431],
        [0.1428, 0.1429, 0.1430, 0.1430, 0.1428, 0.1426, 0.1429]],
       device='cuda:1', grad_fn=<SoftmaxBackward>)
tensor([[0.1429, 0.1432, 0.1429, 0.1429, 0.1426, 0.1427, 0.1428],
        [0.1428, 0.1431, 0.1428, 0.1427, 0.1430, 0.1429, 0.1427],
        [0.1427, 0.1428, 0.1429, 0.1430, 0.1429, 0.1428, 0.1428],
        [0.1430, 0.1429, 0.1426, 0.1430, 0.1430, 0.1427, 0.1428],
        [0.1428, 0.1427, 0.1429, 0.1427, 0.1431, 0.1430, 0.1427]],
       device='cuda:1', grad_fn=<SoftmaxBackward>)

# Alpha - reduce
tensor([[0.1429, 0.1427, 0.1430, 0.1428, 0.1429, 0.1428, 0.1429],
        [0.1427, 0.1430, 0.1427, 0.1428, 0.1430, 0.1429, 0.1429]],
       device='cuda:1', grad_fn=<SoftmaxBackward>)
tensor([[0.1427, 0.1431, 0.1428, 0.1428, 0.1428, 0.1429, 0.1429],
        [0.1428, 0.1429, 0.1427, 0.1429, 0.1430, 0.1429, 0.1428],
        [0.1427, 0.1427, 0.1431, 0.1430, 0.1426, 0.1429, 0.1429]],
       device='cuda:1', grad_fn=<SoftmaxBackward>)
tensor([[0.1429, 0.1428, 0.1429, 0.1429, 0.1428, 0.1428, 0.1430],
        [0.1428, 0.1428, 0.1427, 0.1429, 0.1430, 0.1429, 0.1428],
        [0.1427, 0.1429, 0.1430, 0.1428, 0.1427, 0.1428, 0.1430],
        [0.1428, 0.1428, 0.1431, 0.1430, 0.1427, 0.1427, 0.1429]],
       device='cuda:1', grad_fn=<SoftmaxBackward>)
tensor([[0.1427, 0.1427, 0.1430, 0.1429, 0.1428, 0.1429, 0.1430],
        [0.1429, 0.1430, 0.1429, 0.1426, 0.1427, 0.1429, 0.1429],
        [0.1429, 0.1427, 0.1428, 0.1430, 0.1430, 0.1429, 0.1427],
        [0.1430, 0.1428, 0.1429, 0.1429, 0.1427, 0.1428, 0.1429],
        [0.1425, 0.1432, 0.1428, 0.1430, 0.1431, 0.1426, 0.1428]],
       device='cuda:1', grad_fn=<SoftmaxBackward>)
#####################
Files already downloaded and verified
10/23 06:07:10 PM | Train: [ 1/100] Step 000/195 Loss 4.594 Prec@(1,5) (0.8%, 3.1%)
10/23 06:08:14 PM | Train: [ 1/100] Step 050/195 Loss 4.608 Prec@(1,5) (1.4%, 6.4%)
10/23 06:09:19 PM | Train: [ 1/100] Step 100/195 Loss 4.579 Prec@(1,5) (1.7%, 7.1%)
10/23 06:10:24 PM | Train: [ 1/100] Step 150/195 Loss 4.551 Prec@(1,5) (1.9%, 7.8%)
10/23 06:11:22 PM | Train: [ 1/100] Step 195/195 Loss 4.530 Prec@(1,5) (2.1%, 8.5%)
10/23 06:11:22 PM | Train: [ 1/100] Final Prec@1 2.0520%
10/23 06:11:22 PM | Valid: [ 1/100] Step 000/195 Loss 4.942 Prec@(1,5) (1.6%, 6.2%)
10/23 06:11:34 PM | Valid: [ 1/100] Step 050/195 Loss 5.007 Prec@(1,5) (2.5%, 11.2%)
10/23 06:11:45 PM | Valid: [ 1/100] Step 100/195 Loss 5.039 Prec@(1,5) (2.2%, 11.0%)
10/23 06:11:57 PM | Valid: [ 1/100] Step 150/195 Loss 5.030 Prec@(1,5) (2.3%, 11.2%)
10/23 06:12:07 PM | Valid: [ 1/100] Step 195/195 Loss 5.028 Prec@(1,5) (2.2%, 11.1%)
10/23 06:12:07 PM | Valid: [ 1/100] Final Prec@1 2.2400%
10/23 06:12:07 PM | genotype = Genotype(normal=[[('dil_conv_5x5', 0), ('dil_conv_3x3', 1)], [('dil_conv_3x3', 0), ('dil_conv_5x5', 1)], [('sep_conv_3x3', 1), ('sep_conv_5x5', 0)], [('dil_conv_3x3', 0), ('sep_conv_3x3', 4)]], normal_concat=range(2, 6), reduce=[[('max_pool_3x3', 0), ('dil_conv_5x5', 1)], [('sep_conv_3x3', 0), ('sep_conv_3x3', 2)], [('sep_conv_3x3', 1), ('max_pool_3x3', 0)], [('max_pool_3x3', 0), ('dil_conv_3x3', 3)]], reduce_concat=range(2, 6))
####### ALPHA #######
# Alpha - normal
tensor([[0.1449, 0.1329, 0.1458, 0.1439, 0.1376, 0.1479, 0.1470],
        [0.1362, 0.1419, 0.1382, 0.1449, 0.1469, 0.1355, 0.1564]],
       device='cuda:1', grad_fn=<SoftmaxBackward>)
tensor([[0.1429, 0.1313, 0.1466, 0.1346, 0.1520, 0.1450, 0.1476],
        [0.1313, 0.1448, 0.1374, 0.1440, 0.1471, 0.1471, 0.1483],
        [0.1363, 0.1300, 0.1456, 0.1408, 0.1315, 0.1459, 0.1699]],
       device='cuda:1', grad_fn=<SoftmaxBackward>)
tensor([[0.1449, 0.1379, 0.1396, 0.1473, 0.1419, 0.1375, 0.1509],
        [0.1367, 0.1355, 0.1524, 0.1316, 0.1520, 0.1402, 0.1515],
        [0.1336, 0.1293, 0.1420, 0.1434, 0.1456, 0.1433, 0.1628],
        [0.1333, 0.1290, 0.1407, 0.1437, 0.1425, 0.1388, 0.1720]],
       device='cuda:1', grad_fn=<SoftmaxBackward>)
tensor([[0.1476, 0.1278, 0.1437, 0.1506, 0.1544, 0.1373, 0.1386],
        [0.1313, 0.1304, 0.1461, 0.1418, 0.1417, 0.1418, 0.1669],
        [0.1377, 0.1288, 0.1369, 0.1451, 0.1454, 0.1385, 0.1676],
        [0.1360, 0.1331, 0.1445, 0.1401, 0.1453, 0.1344, 0.1665],
        [0.1288, 0.1327, 0.1468, 0.1386, 0.1452, 0.1423, 0.1656]],
       device='cuda:1', grad_fn=<SoftmaxBackward>)

# Alpha - reduce
tensor([[0.1536, 0.1434, 0.1395, 0.1492, 0.1473, 0.1364, 0.1306],
        [0.1358, 0.1408, 0.1437, 0.1344, 0.1377, 0.1530, 0.1546]],
       device='cuda:1', grad_fn=<SoftmaxBackward>)
tensor([[0.1486, 0.1436, 0.1560, 0.1402, 0.1362, 0.1453, 0.1303],
        [0.1433, 0.1419, 0.1399, 0.1408, 0.1418, 0.1474, 0.1448],
        [0.1368, 0.1266, 0.1481, 0.1458, 0.1393, 0.1436, 0.1598]],
       device='cuda:1', grad_fn=<SoftmaxBackward>)
tensor([[0.1535, 0.1319, 0.1354, 0.1421, 0.1509, 0.1482, 0.1380],
        [0.1476, 0.1357, 0.1526, 0.1489, 0.1382, 0.1397, 0.1372],
        [0.1426, 0.1453, 0.1488, 0.1363, 0.1462, 0.1375, 0.1433],
        [0.1402, 0.1420, 0.1377, 0.1484, 0.1488, 0.1353, 0.1477]],
       device='cuda:1', grad_fn=<SoftmaxBackward>)
tensor([[0.1551, 0.1438, 0.1434, 0.1480, 0.1407, 0.1451, 0.1237],
        [0.1442, 0.1389, 0.1398, 0.1468, 0.1485, 0.1382, 0.1436],
        [0.1410, 0.1439, 0.1465, 0.1349, 0.1463, 0.1465, 0.1410],
        [0.1387, 0.1329, 0.1349, 0.1384, 0.1530, 0.1454, 0.1566],
        [0.1423, 0.1380, 0.1387, 0.1435, 0.1386, 0.1360, 0.1630]],
       device='cuda:1', grad_fn=<SoftmaxBackward>)
#####################

10/23 06:12:11 PM | Train: [ 2/100] Step 000/195 Loss 4.407 Prec@(1,5) (1.6%, 10.9%)
10/23 06:13:18 PM | Train: [ 2/100] Step 050/195 Loss 4.402 Prec@(1,5) (2.8%, 12.8%)
10/23 06:14:24 PM | Train: [ 2/100] Step 100/195 Loss 4.386 Prec@(1,5) (3.1%, 13.7%)
10/23 06:15:28 PM | Train: [ 2/100] Step 150/195 Loss 4.360 Prec@(1,5) (3.4%, 14.5%)
10/23 06:16:26 PM | Train: [ 2/100] Step 195/195 Loss 4.338 Prec@(1,5) (3.6%, 15.2%)
10/23 06:16:26 PM | Train: [ 2/100] Final Prec@1 3.6120%
10/23 06:16:27 PM | Valid: [ 2/100] Step 000/195 Loss 4.479 Prec@(1,5) (1.6%, 7.0%)
10/23 06:16:37 PM | Valid: [ 2/100] Step 050/195 Loss 4.434 Prec@(1,5) (2.0%, 10.8%)
10/23 06:16:48 PM | Valid: [ 2/100] Step 100/195 Loss 4.437 Prec@(1,5) (2.1%, 10.8%)
10/23 06:16:58 PM | Valid: [ 2/100] Step 150/195 Loss 4.441 Prec@(1,5) (2.0%, 10.7%)
10/23 06:17:07 PM | Valid: [ 2/100] Step 195/195 Loss 4.440 Prec@(1,5) (2.1%, 10.8%)
10/23 06:17:07 PM | Valid: [ 2/100] Final Prec@1 2.1280%
10/23 06:17:07 PM | genotype = Genotype(normal=[[('max_pool_3x3', 0), ('sep_conv_3x3', 1)], [('max_pool_3x3', 0), ('dil_conv_3x3', 1)], [('sep_conv_5x5', 0), ('sep_conv_3x3', 1)], [('max_pool_3x3', 0), ('sep_conv_5x5', 3)]], normal_concat=range(2, 6), reduce=[[('max_pool_3x3', 0), ('sep_conv_3x3', 1)], [('sep_conv_3x3', 0), ('max_pool_3x3', 1)], [('max_pool_3x3', 0), ('max_pool_3x3', 1)], [('max_pool_3x3', 0), ('dil_conv_3x3', 1)]], reduce_concat=range(2, 6))
####### ALPHA #######
# Alpha - normal
tensor([[0.1634, 0.1338, 0.1375, 0.1302, 0.1348, 0.1575, 0.1428],
        [0.1386, 0.1348, 0.1435, 0.1397, 0.1401, 0.1347, 0.1686]],
       device='cuda:1', grad_fn=<SoftmaxBackward>)
tensor([[0.1535, 0.1414, 0.1505, 0.1329, 0.1383, 0.1447, 0.1387],
        [0.1290, 0.1308, 0.1466, 0.1463, 0.1475, 0.1405, 0.1593],
        [0.1244, 0.1215, 0.1467, 0.1324, 0.1218, 0.1456, 0.2076]],
       device='cuda:1', grad_fn=<SoftmaxBackward>)
tensor([[0.1552, 0.1522, 0.1373, 0.1563, 0.1366, 0.1337, 0.1287],
        [0.1447, 0.1311, 0.1484, 0.1367, 0.1479, 0.1341, 0.1571],
        [0.1287, 0.1268, 0.1391, 0.1416, 0.1330, 0.1445, 0.1862],
        [0.1250, 0.1242, 0.1357, 0.1438, 0.1354, 0.1362, 0.1996]],
       device='cuda:1', grad_fn=<SoftmaxBackward>)
tensor([[0.1761, 0.1407, 0.1457, 0.1427, 0.1543, 0.1258, 0.1147],
        [0.1390, 0.1330, 0.1461, 0.1366, 0.1349, 0.1374, 0.1728],
        [0.1296, 0.1316, 0.1334, 0.1435, 0.1400, 0.1362, 0.1858],
        [0.1280, 0.1246, 0.1406, 0.1533, 0.1327, 0.1291, 0.1917],
        [0.1267, 0.1261, 0.1375, 0.1358, 0.1433, 0.1333, 0.1972]],
       device='cuda:1', grad_fn=<SoftmaxBackward>)

# Alpha - reduce
tensor([[0.1676, 0.1435, 0.1379, 0.1557, 0.1493, 0.1278, 0.1182],
        [0.1380, 0.1320, 0.1475, 0.1404, 0.1337, 0.1434, 0.1650]],
       device='cuda:1', grad_fn=<SoftmaxBackward>)
tensor([[0.1577, 0.1492, 0.1582, 0.1361, 0.1362, 0.1418, 0.1208],
        [0.1490, 0.1357, 0.1406, 0.1456, 0.1431, 0.1434, 0.1426],
        [0.1227, 0.1233, 0.1424, 0.1463, 0.1359, 0.1401, 0.1892]],
       device='cuda:1', grad_fn=<SoftmaxBackward>)
tensor([[0.1687, 0.1393, 0.1340, 0.1359, 0.1524, 0.1426, 0.1271],
        [0.1590, 0.1306, 0.1545, 0.1474, 0.1406, 0.1375, 0.1304],
        [0.1263, 0.1333, 0.1442, 0.1418, 0.1547, 0.1423, 0.1575],
        [0.1307, 0.1384, 0.1306, 0.1496, 0.1399, 0.1348, 0.1761]],
       device='cuda:1', grad_fn=<SoftmaxBackward>)
tensor([[0.1685, 0.1544, 0.1389, 0.1496, 0.1410, 0.1411, 0.1065],
        [0.1537, 0.1271, 0.1385, 0.1537, 0.1538, 0.1397, 0.1334],
        [0.1389, 0.1392, 0.1516, 0.1282, 0.1483, 0.1482, 0.1457],
        [0.1332, 0.1309, 0.1322, 0.1357, 0.1490, 0.1402, 0.1788],
        [0.1387, 0.1298, 0.1355, 0.1414, 0.1404, 0.1406, 0.1736]],
       device='cuda:1', grad_fn=<SoftmaxBackward>)
#####################

10/23 06:17:10 PM | Train: [ 3/100] Step 000/195 Loss 4.269 Prec@(1,5) (4.7%, 14.8%)
10/23 06:18:14 PM | Train: [ 3/100] Step 050/195 Loss 4.216 Prec@(1,5) (4.7%, 19.0%)
10/23 06:19:19 PM | Train: [ 3/100] Step 100/195 Loss 4.193 Prec@(1,5) (5.0%, 20.0%)
10/23 06:20:24 PM | Train: [ 3/100] Step 150/195 Loss 4.173 Prec@(1,5) (5.3%, 20.6%)
10/23 06:21:22 PM | Train: [ 3/100] Step 195/195 Loss 4.162 Prec@(1,5) (5.6%, 21.1%)
10/23 06:21:22 PM | Train: [ 3/100] Final Prec@1 5.5560%
10/23 06:21:22 PM | Valid: [ 3/100] Step 000/195 Loss 4.527 Prec@(1,5) (3.1%, 19.5%)
10/23 06:21:33 PM | Valid: [ 3/100] Step 050/195 Loss 4.310 Prec@(1,5) (5.7%, 23.6%)
10/23 06:21:43 PM | Valid: [ 3/100] Step 100/195 Loss 4.294 Prec@(1,5) (5.9%, 24.0%)
10/23 06:21:53 PM | Valid: [ 3/100] Step 150/195 Loss 4.296 Prec@(1,5) (5.8%, 23.9%)
10/23 06:22:03 PM | Valid: [ 3/100] Step 195/195 Loss 4.292 Prec@(1,5) (5.9%, 23.9%)
10/23 06:22:03 PM | Valid: [ 3/100] Final Prec@1 5.9400%
10/23 06:22:03 PM | genotype = Genotype(normal=[[('max_pool_3x3', 0), ('sep_conv_3x3', 1)], [('max_pool_3x3', 0), ('sep_conv_5x5', 1)], [('max_pool_3x3', 0), ('sep_conv_3x3', 1)], [('max_pool_3x3', 0), ('sep_conv_5x5', 3)]], normal_concat=range(2, 6), reduce=[[('max_pool_3x3', 0), ('sep_conv_3x3', 1)], [('max_pool_3x3', 0), ('max_pool_3x3', 1)], [('max_pool_3x3', 0), ('max_pool_3x3', 1)], [('max_pool_3x3', 0), ('max_pool_3x3', 1)]], reduce_concat=range(2, 6))
####### ALPHA #######
# Alpha - normal
tensor([[0.1748, 0.1344, 0.1334, 0.1278, 0.1302, 0.1627, 0.1366],
        [0.1319, 0.1250, 0.1470, 0.1409, 0.1369, 0.1360, 0.1824]],
       device='cuda:1', grad_fn=<SoftmaxBackward>)
tensor([[0.1768, 0.1453, 0.1476, 0.1319, 0.1252, 0.1513, 0.1219],
        [0.1266, 0.1219, 0.1461, 0.1488, 0.1466, 0.1381, 0.1719],
        [0.1170, 0.1144, 0.1463, 0.1296, 0.1176, 0.1334, 0.2418]],
       device='cuda:1', grad_fn=<SoftmaxBackward>)
tensor([[0.1739, 0.1473, 0.1390, 0.1486, 0.1374, 0.1300, 0.1238],
        [0.1511, 0.1260, 0.1513, 0.1366, 0.1470, 0.1225, 0.1656],
        [0.1244, 0.1141, 0.1328, 0.1417, 0.1288, 0.1338, 0.2245],
        [0.1175, 0.1056, 0.1324, 0.1411, 0.1287, 0.1284, 0.2463]],
       device='cuda:1', grad_fn=<SoftmaxBackward>)
tensor([[0.2065, 0.1581, 0.1278, 0.1349, 0.1586, 0.1175, 0.0966],
        [0.1483, 0.1303, 0.1395, 0.1369, 0.1234, 0.1367, 0.1849],
        [0.1289, 0.1226, 0.1268, 0.1446, 0.1305, 0.1290, 0.2177],
        [0.1232, 0.1114, 0.1311, 0.1515, 0.1309, 0.1245, 0.2273],
        [0.1193, 0.1126, 0.1322, 0.1323, 0.1317, 0.1211, 0.2508]],
       device='cuda:1', grad_fn=<SoftmaxBackward>)

# Alpha - reduce
tensor([[0.1687, 0.1529, 0.1389, 0.1587, 0.1401, 0.1303, 0.1104],
        [0.1366, 0.1219, 0.1538, 0.1441, 0.1348, 0.1373, 0.1715]],
       device='cuda:1', grad_fn=<SoftmaxBackward>)
tensor([[0.1812, 0.1618, 0.1504, 0.1261, 0.1461, 0.1331, 0.1012],
        [0.1579, 0.1347, 0.1299, 0.1386, 0.1442, 0.1426, 0.1521],
        [0.1206, 0.1236, 0.1442, 0.1353, 0.1250, 0.1427, 0.2086]],
       device='cuda:1', grad_fn=<SoftmaxBackward>)
tensor([[0.1859, 0.1526, 0.1445, 0.1268, 0.1458, 0.1368, 0.1076],
        [0.1598, 0.1343, 0.1520, 0.1459, 0.1371, 0.1348, 0.1360],
        [0.1198, 0.1326, 0.1374, 0.1419, 0.1487, 0.1434, 0.1761],
        [0.1268, 0.1356, 0.1328, 0.1478, 0.1264, 0.1271, 0.2036]],
       device='cuda:1', grad_fn=<SoftmaxBackward>)
tensor([[0.2031, 0.1505, 0.1330, 0.1368, 0.1423, 0.1395, 0.0947],
        [0.1640, 0.1288, 0.1353, 0.1500, 0.1418, 0.1346, 0.1456],
        [0.1360, 0.1313, 0.1477, 0.1291, 0.1512, 0.1420, 0.1627],
        [0.1318, 0.1273, 0.1405, 0.1319, 0.1351, 0.1396, 0.1938],
        [0.1428, 0.1278, 0.1386, 0.1302, 0.1385, 0.1342, 0.1880]],
       device='cuda:1', grad_fn=<SoftmaxBackward>)
#####################

10/23 06:22:06 PM | Train: [ 4/100] Step 000/195 Loss 4.031 Prec@(1,5) (6.2%, 19.5%)
10/23 06:23:09 PM | Train: [ 4/100] Step 050/195 Loss 4.064 Prec@(1,5) (6.6%, 24.1%)
10/23 06:24:13 PM | Train: [ 4/100] Step 100/195 Loss 4.044 Prec@(1,5) (7.0%, 25.3%)
10/23 06:25:17 PM | Train: [ 4/100] Step 150/195 Loss 4.011 Prec@(1,5) (7.5%, 26.3%)
10/23 06:26:14 PM | Train: [ 4/100] Step 195/195 Loss 4.001 Prec@(1,5) (7.6%, 26.8%)
10/23 06:26:14 PM | Train: [ 4/100] Final Prec@1 7.6400%
10/23 06:26:15 PM | Valid: [ 4/100] Step 000/195 Loss 4.237 Prec@(1,5) (6.2%, 21.1%)
10/23 06:26:26 PM | Valid: [ 4/100] Step 050/195 Loss 4.191 Prec@(1,5) (6.1%, 22.2%)
10/23 06:26:37 PM | Valid: [ 4/100] Step 100/195 Loss 4.184 Prec@(1,5) (5.8%, 22.4%)
10/23 06:26:48 PM | Valid: [ 4/100] Step 150/195 Loss 4.176 Prec@(1,5) (6.1%, 22.7%)
10/23 06:26:57 PM | Valid: [ 4/100] Step 195/195 Loss 4.175 Prec@(1,5) (6.1%, 22.7%)
10/23 06:26:57 PM | Valid: [ 4/100] Final Prec@1 6.1000%
10/23 06:26:57 PM | genotype = Genotype(normal=[[('max_pool_3x3', 0), ('sep_conv_3x3', 1)], [('max_pool_3x3', 0), ('dil_conv_3x3', 1)], [('max_pool_3x3', 0), ('max_pool_3x3', 1)], [('max_pool_3x3', 0), ('max_pool_3x3', 1)]], normal_concat=range(2, 6), reduce=[[('max_pool_3x3', 0), ('sep_conv_3x3', 1)], [('max_pool_3x3', 0), ('max_pool_3x3', 1)], [('max_pool_3x3', 0), ('max_pool_3x3', 1)], [('max_pool_3x3', 0), ('max_pool_3x3', 1)]], reduce_concat=range(2, 6))
####### ALPHA #######
# Alpha - normal
tensor([[0.1967, 0.1364, 0.1253, 0.1244, 0.1305, 0.1612, 0.1254],
        [0.1338, 0.1150, 0.1438, 0.1388, 0.1334, 0.1383, 0.1969]],
       device='cuda:1', grad_fn=<SoftmaxBackward>)
tensor([[0.1996, 0.1549, 0.1429, 0.1200, 0.1289, 0.1524, 0.1014],
        [0.1267, 0.1180, 0.1393, 0.1398, 0.1482, 0.1370, 0.1910],
        [0.1124, 0.1089, 0.1220, 0.1244, 0.1152, 0.1273, 0.2898]],
       device='cuda:1', grad_fn=<SoftmaxBackward>)
tensor([[0.2007, 0.1472, 0.1365, 0.1516, 0.1255, 0.1273, 0.1112],
        [0.1563, 0.1240, 0.1447, 0.1436, 0.1445, 0.1244, 0.1626],
        [0.1118, 0.1054, 0.1287, 0.1357, 0.1305, 0.1226, 0.2654],
        [0.1059, 0.1016, 0.1206, 0.1346, 0.1198, 0.1300, 0.2876]],
       device='cuda:1', grad_fn=<SoftmaxBackward>)
tensor([[0.2477, 0.1559, 0.1276, 0.1298, 0.1457, 0.1018, 0.0914],
        [0.1557, 0.1316, 0.1312, 0.1319, 0.1240, 0.1398, 0.1858],
        [0.1351, 0.1255, 0.1222, 0.1416, 0.1180, 0.1195, 0.2381],
        [0.1168, 0.1053, 0.1198, 0.1456, 0.1212, 0.1199, 0.2714],
        [0.1090, 0.1054, 0.1253, 0.1260, 0.1152, 0.1192, 0.2999]],
       device='cuda:1', grad_fn=<SoftmaxBackward>)

# Alpha - reduce
tensor([[0.1723, 0.1580, 0.1381, 0.1502, 0.1434, 0.1343, 0.1037],
        [0.1340, 0.1176, 0.1521, 0.1475, 0.1339, 0.1305, 0.1845]],
       device='cuda:1', grad_fn=<SoftmaxBackward>)
tensor([[0.2080, 0.1692, 0.1477, 0.1174, 0.1388, 0.1270, 0.0918],
        [0.1562, 0.1340, 0.1370, 0.1287, 0.1383, 0.1365, 0.1694],
        [0.1190, 0.1194, 0.1315, 0.1361, 0.1236, 0.1423, 0.2281]],
       device='cuda:1', grad_fn=<SoftmaxBackward>)
tensor([[0.2177, 0.1651, 0.1390, 0.1167, 0.1403, 0.1242, 0.0971],
        [0.1667, 0.1336, 0.1454, 0.1516, 0.1344, 0.1319, 0.1364],
        [0.1210, 0.1275, 0.1306, 0.1487, 0.1552, 0.1403, 0.1767],
        [0.1285, 0.1263, 0.1335, 0.1471, 0.1161, 0.1248, 0.2236]],
       device='cuda:1', grad_fn=<SoftmaxBackward>)
tensor([[0.2149, 0.1608, 0.1247, 0.1376, 0.1408, 0.1319, 0.0892],
        [0.1822, 0.1344, 0.1425, 0.1401, 0.1328, 0.1232, 0.1448],
        [0.1419, 0.1263, 0.1473, 0.1271, 0.1435, 0.1447, 0.1691],
        [0.1311, 0.1271, 0.1329, 0.1345, 0.1325, 0.1311, 0.2109],
        [0.1377, 0.1250, 0.1339, 0.1257, 0.1341, 0.1324, 0.2113]],
       device='cuda:1', grad_fn=<SoftmaxBackward>)
#####################

10/23 06:26:59 PM | Train: [ 5/100] Step 000/195 Loss 3.807 Prec@(1,5) (10.9%, 34.4%)
10/23 06:28:03 PM | Train: [ 5/100] Step 050/195 Loss 3.908 Prec@(1,5) (9.4%, 29.9%)
10/23 06:29:07 PM | Train: [ 5/100] Step 100/195 Loss 3.904 Prec@(1,5) (9.2%, 29.9%)
10/23 06:30:12 PM | Train: [ 5/100] Step 150/195 Loss 3.893 Prec@(1,5) (9.4%, 30.3%)
10/23 06:31:10 PM | Train: [ 5/100] Step 195/195 Loss 3.877 Prec@(1,5) (9.6%, 30.8%)
10/23 06:31:10 PM | Train: [ 5/100] Final Prec@1 9.6320%
10/23 06:31:10 PM | Valid: [ 5/100] Step 000/195 Loss 3.876 Prec@(1,5) (10.2%, 33.6%)
10/23 06:31:21 PM | Valid: [ 5/100] Step 050/195 Loss 3.882 Prec@(1,5) (9.8%, 31.5%)
10/23 06:31:32 PM | Valid: [ 5/100] Step 100/195 Loss 3.879 Prec@(1,5) (9.9%, 30.8%)
10/23 06:31:43 PM | Valid: [ 5/100] Step 150/195 Loss 3.886 Prec@(1,5) (9.6%, 30.5%)
10/23 06:31:51 PM | Valid: [ 5/100] Step 195/195 Loss 3.889 Prec@(1,5) (9.6%, 30.3%)
10/23 06:31:51 PM | Valid: [ 5/100] Final Prec@1 9.5640%
10/23 06:31:51 PM | genotype = Genotype(normal=[[('max_pool_3x3', 0), ('sep_conv_3x3', 1)], [('max_pool_3x3', 0), ('dil_conv_3x3', 1)], [('max_pool_3x3', 0), ('max_pool_3x3', 1)], [('max_pool_3x3', 0), ('max_pool_3x3', 1)]], normal_concat=range(2, 6), reduce=[[('max_pool_3x3', 0), ('sep_conv_3x3', 1)], [('max_pool_3x3', 0), ('max_pool_3x3', 1)], [('max_pool_3x3', 0), ('max_pool_3x3', 1)], [('max_pool_3x3', 0), ('max_pool_3x3', 1)]], reduce_concat=range(2, 6))
####### ALPHA #######
# Alpha - normal
tensor([[0.2058, 0.1357, 0.1290, 0.1234, 0.1224, 0.1576, 0.1261],
        [0.1428, 0.1115, 0.1460, 0.1432, 0.1294, 0.1346, 0.1925]],
       device='cuda:1', grad_fn=<SoftmaxBackward>)
tensor([[0.2308, 0.1406, 0.1348, 0.1122, 0.1248, 0.1602, 0.0966],
        [0.1223, 0.1123, 0.1332, 0.1365, 0.1460, 0.1338, 0.2160],
        [0.1050, 0.1068, 0.1138, 0.1175, 0.1153, 0.1197, 0.3218]],
       device='cuda:1', grad_fn=<SoftmaxBackward>)
tensor([[0.2310, 0.1376, 0.1330, 0.1499, 0.1238, 0.1185, 0.1062],
        [0.1566, 0.1179, 0.1389, 0.1432, 0.1367, 0.1285, 0.1783],
        [0.1057, 0.1048, 0.1181, 0.1292, 0.1217, 0.1195, 0.3011],
        [0.0975, 0.0956, 0.1136, 0.1283, 0.1089, 0.1217, 0.3344]],
       device='cuda:1', grad_fn=<SoftmaxBackward>)
tensor([[0.2839, 0.1495, 0.1277, 0.1212, 0.1339, 0.0980, 0.0858],
        [0.1650, 0.1328, 0.1203, 0.1334, 0.1215, 0.1428, 0.1841],
        [0.1312, 0.1167, 0.1172, 0.1366, 0.1082, 0.1120, 0.2781],
        [0.1173, 0.0954, 0.1137, 0.1330, 0.1111, 0.1108, 0.3187],
        [0.1055, 0.0919, 0.1131, 0.1223, 0.1103, 0.1072, 0.3497]],
       device='cuda:1', grad_fn=<SoftmaxBackward>)

# Alpha - reduce
tensor([[0.1825, 0.1546, 0.1396, 0.1532, 0.1457, 0.1276, 0.0969],
        [0.1399, 0.1200, 0.1450, 0.1438, 0.1235, 0.1287, 0.1990]],
       device='cuda:1', grad_fn=<SoftmaxBackward>)
tensor([[0.2234, 0.1708, 0.1461, 0.1171, 0.1388, 0.1194, 0.0844],
        [0.1565, 0.1399, 0.1377, 0.1274, 0.1378, 0.1320, 0.1687],
        [0.1144, 0.1143, 0.1260, 0.1375, 0.1146, 0.1403, 0.2529]],
       device='cuda:1', grad_fn=<SoftmaxBackward>)
tensor([[0.2295, 0.1760, 0.1304, 0.1124, 0.1382, 0.1242, 0.0893],
        [0.1617, 0.1413, 0.1451, 0.1557, 0.1380, 0.1237, 0.1345],
        [0.1289, 0.1215, 0.1295, 0.1474, 0.1449, 0.1375, 0.1904],
        [0.1324, 0.1305, 0.1305, 0.1430, 0.1153, 0.1205, 0.2279]],
       device='cuda:1', grad_fn=<SoftmaxBackward>)
tensor([[0.2265, 0.1749, 0.1200, 0.1319, 0.1314, 0.1259, 0.0894],
        [0.1828, 0.1376, 0.1338, 0.1446, 0.1259, 0.1270, 0.1483],
        [0.1458, 0.1244, 0.1401, 0.1284, 0.1410, 0.1457, 0.1746],
        [0.1309, 0.1215, 0.1290, 0.1306, 0.1211, 0.1260, 0.2408],
        [0.1312, 0.1227, 0.1334, 0.1238, 0.1351, 0.1316, 0.2223]],
       device='cuda:1', grad_fn=<SoftmaxBackward>)
#####################

10/23 06:31:53 PM | Train: [ 6/100] Step 000/195 Loss 4.038 Prec@(1,5) (3.1%, 25.8%)
10/23 06:32:45 PM | Train: [ 6/100] Step 050/195 Loss 3.820 Prec@(1,5) (10.2%, 33.1%)
10/23 06:33:41 PM | Train: [ 6/100] Step 100/195 Loss 3.812 Prec@(1,5) (10.5%, 33.3%)
10/23 06:34:33 PM | Train: [ 6/100] Step 150/195 Loss 3.793 Prec@(1,5) (10.6%, 33.7%)
10/23 06:35:28 PM | Train: [ 6/100] Step 195/195 Loss 3.775 Prec@(1,5) (10.8%, 34.2%)
10/23 06:35:28 PM | Train: [ 6/100] Final Prec@1 10.8040%
10/23 06:35:29 PM | Valid: [ 6/100] Step 000/195 Loss 9.763 Prec@(1,5) (1.6%, 18.0%)
10/23 06:35:39 PM | Valid: [ 6/100] Step 050/195 Loss 8.891 Prec@(1,5) (5.3%, 19.4%)
10/23 06:35:50 PM | Valid: [ 6/100] Step 100/195 Loss 8.906 Prec@(1,5) (5.5%, 19.5%)
10/23 06:35:59 PM | Valid: [ 6/100] Step 150/195 Loss 8.967 Prec@(1,5) (5.5%, 19.5%)
10/23 06:36:08 PM | Valid: [ 6/100] Step 195/195 Loss 8.966 Prec@(1,5) (5.4%, 19.5%)
10/23 06:36:08 PM | Valid: [ 6/100] Final Prec@1 5.4200%
10/23 06:36:08 PM | genotype = Genotype(normal=[[('max_pool_3x3', 0), ('sep_conv_3x3', 1)], [('max_pool_3x3', 0), ('dil_conv_3x3', 1)], [('max_pool_3x3', 0), ('max_pool_3x3', 1)], [('max_pool_3x3', 0), ('max_pool_3x3', 1)]], normal_concat=range(2, 6), reduce=[[('max_pool_3x3', 0), ('sep_conv_3x3', 1)], [('max_pool_3x3', 0), ('max_pool_3x3', 1)], [('max_pool_3x3', 0), ('max_pool_3x3', 1)], [('max_pool_3x3', 0), ('max_pool_3x3', 1)]], reduce_concat=range(2, 6))
####### ALPHA #######
# Alpha - normal
tensor([[0.2230, 0.1280, 0.1312, 0.1262, 0.1233, 0.1520, 0.1163],
        [0.1481, 0.1080, 0.1486, 0.1377, 0.1351, 0.1352, 0.1872]],
       device='cuda:1', grad_fn=<SoftmaxBackward>)
tensor([[0.2440, 0.1295, 0.1332, 0.1173, 0.1231, 0.1591, 0.0937],
        [0.1220, 0.1111, 0.1272, 0.1453, 0.1483, 0.1339, 0.2122],
        [0.0956, 0.0989, 0.1074, 0.1165, 0.1101, 0.1140, 0.3573]],
       device='cuda:1', grad_fn=<SoftmaxBackward>)
tensor([[0.2513, 0.1288, 0.1286, 0.1448, 0.1257, 0.1185, 0.1023],
        [0.1594, 0.1164, 0.1378, 0.1533, 0.1315, 0.1280, 0.1735],
        [0.0999, 0.0970, 0.1151, 0.1211, 0.1154, 0.1139, 0.3376],
        [0.0929, 0.0954, 0.1041, 0.1211, 0.0980, 0.1159, 0.3726]],
       device='cuda:1', grad_fn=<SoftmaxBackward>)
tensor([[0.3300, 0.1412, 0.1253, 0.1158, 0.1212, 0.0882, 0.0782],
        [0.1705, 0.1298, 0.1154, 0.1369, 0.1144, 0.1327, 0.2004],
        [0.1250, 0.1131, 0.1059, 0.1325, 0.0981, 0.1120, 0.3133],
        [0.1115, 0.0977, 0.1119, 0.1276, 0.1039, 0.1108, 0.3365],
        [0.0993, 0.0877, 0.1082, 0.1108, 0.1042, 0.1032, 0.3868]],
       device='cuda:1', grad_fn=<SoftmaxBackward>)

# Alpha - reduce
tensor([[0.1899, 0.1528, 0.1330, 0.1562, 0.1397, 0.1302, 0.0982],
        [0.1415, 0.1192, 0.1531, 0.1416, 0.1185, 0.1196, 0.2066]],
       device='cuda:1', grad_fn=<SoftmaxBackward>)
tensor([[0.2315, 0.1689, 0.1409, 0.1256, 0.1320, 0.1192, 0.0819],
        [0.1636, 0.1434, 0.1323, 0.1251, 0.1346, 0.1288, 0.1723],
        [0.1160, 0.1108, 0.1262, 0.1389, 0.1163, 0.1376, 0.2542]],
       device='cuda:1', grad_fn=<SoftmaxBackward>)
tensor([[0.2403, 0.1758, 0.1283, 0.1134, 0.1364, 0.1183, 0.0874],
        [0.1597, 0.1453, 0.1452, 0.1582, 0.1287, 0.1207, 0.1423],
        [0.1249, 0.1245, 0.1216, 0.1495, 0.1438, 0.1374, 0.1983],
        [0.1284, 0.1272, 0.1304, 0.1383, 0.1243, 0.1186, 0.2328]],
       device='cuda:1', grad_fn=<SoftmaxBackward>)
tensor([[0.2576, 0.1853, 0.1100, 0.1269, 0.1217, 0.1165, 0.0820],
        [0.1794, 0.1376, 0.1320, 0.1388, 0.1300, 0.1228, 0.1594],
        [0.1421, 0.1208, 0.1364, 0.1295, 0.1354, 0.1439, 0.1919],
        [0.1356, 0.1206, 0.1308, 0.1282, 0.1181, 0.1269, 0.2399],
        [0.1307, 0.1198, 0.1275, 0.1239, 0.1344, 0.1298, 0.2340]],
       device='cuda:1', grad_fn=<SoftmaxBackward>)
#####################

10/23 06:36:10 PM | Train: [ 7/100] Step 000/195 Loss 3.850 Prec@(1,5) (5.5%, 26.6%)
10/23 06:37:12 PM | Train: [ 7/100] Step 050/195 Loss 3.704 Prec@(1,5) (12.0%, 36.3%)
10/23 06:38:15 PM | Train: [ 7/100] Step 100/195 Loss 3.700 Prec@(1,5) (12.2%, 36.3%)
10/23 06:39:18 PM | Train: [ 7/100] Step 150/195 Loss 3.693 Prec@(1,5) (12.2%, 36.5%)
10/23 06:40:12 PM | Train: [ 7/100] Step 195/195 Loss 3.678 Prec@(1,5) (12.4%, 37.1%)
10/23 06:40:13 PM | Train: [ 7/100] Final Prec@1 12.4440%
10/23 06:40:13 PM | Valid: [ 7/100] Step 000/195 Loss 5.263 Prec@(1,5) (8.6%, 28.9%)
10/23 06:40:21 PM | Valid: [ 7/100] Step 050/195 Loss 5.068 Prec@(1,5) (7.7%, 28.4%)
10/23 06:40:30 PM | Valid: [ 7/100] Step 100/195 Loss 5.036 Prec@(1,5) (8.0%, 28.6%)
10/23 06:40:40 PM | Valid: [ 7/100] Step 150/195 Loss 5.016 Prec@(1,5) (7.9%, 28.8%)
10/23 06:40:47 PM | Valid: [ 7/100] Step 195/195 Loss 4.998 Prec@(1,5) (8.0%, 29.0%)
10/23 06:40:47 PM | Valid: [ 7/100] Final Prec@1 8.0000%
10/23 06:40:47 PM | genotype = Genotype(normal=[[('max_pool_3x3', 0), ('max_pool_3x3', 1)], [('max_pool_3x3', 0), ('dil_conv_3x3', 1)], [('max_pool_3x3', 0), ('max_pool_3x3', 1)], [('max_pool_3x3', 0), ('max_pool_3x3', 1)]], normal_concat=range(2, 6), reduce=[[('max_pool_3x3', 0), ('max_pool_3x3', 1)], [('max_pool_3x3', 0), ('max_pool_3x3', 1)], [('max_pool_3x3', 0), ('sep_conv_5x5', 1)], [('max_pool_3x3', 0), ('max_pool_3x3', 1)]], reduce_concat=range(2, 6))
####### ALPHA #######
# Alpha - normal
tensor([[0.2327, 0.1211, 0.1370, 0.1282, 0.1207, 0.1519, 0.1084],
        [0.1525, 0.1029, 0.1441, 0.1374, 0.1343, 0.1391, 0.1896]],
       device='cuda:1', grad_fn=<SoftmaxBackward>)
tensor([[0.2760, 0.1169, 0.1222, 0.1223, 0.1182, 0.1571, 0.0873],
        [0.1254, 0.1021, 0.1262, 0.1425, 0.1522, 0.1274, 0.2241],
        [0.0902, 0.0926, 0.1031, 0.1126, 0.1057, 0.1146, 0.3812]],
       device='cuda:1', grad_fn=<SoftmaxBackward>)
tensor([[0.2860, 0.1265, 0.1176, 0.1417, 0.1214, 0.1135, 0.0932],
        [0.1613, 0.1158, 0.1359, 0.1488, 0.1392, 0.1233, 0.1757],
        [0.0974, 0.0920, 0.1133, 0.1187, 0.1112, 0.1054, 0.3620],
        [0.0854, 0.0862, 0.0975, 0.1176, 0.0960, 0.1111, 0.4062]],
       device='cuda:1', grad_fn=<SoftmaxBackward>)
tensor([[0.3667, 0.1375, 0.1216, 0.1075, 0.1141, 0.0825, 0.0701],
        [0.1669, 0.1326, 0.1117, 0.1401, 0.1116, 0.1300, 0.2071],
        [0.1298, 0.1074, 0.1041, 0.1272, 0.0950, 0.1079, 0.3287],
        [0.1025, 0.0963, 0.1068, 0.1208, 0.1015, 0.0982, 0.3739],
        [0.0963, 0.0892, 0.1072, 0.1025, 0.1030, 0.0956, 0.4062]],
       device='cuda:1', grad_fn=<SoftmaxBackward>)

# Alpha - reduce
tensor([[0.1938, 0.1583, 0.1261, 0.1538, 0.1384, 0.1391, 0.0904],
        [0.1469, 0.1185, 0.1432, 0.1344, 0.1166, 0.1197, 0.2207]],
       device='cuda:1', grad_fn=<SoftmaxBackward>)
tensor([[0.2410, 0.1664, 0.1502, 0.1225, 0.1228, 0.1203, 0.0769],
        [0.1601, 0.1442, 0.1287, 0.1322, 0.1295, 0.1308, 0.1745],
        [0.1208, 0.1105, 0.1228, 0.1338, 0.1101, 0.1328, 0.2692]],
       device='cuda:1', grad_fn=<SoftmaxBackward>)
tensor([[0.2521, 0.1918, 0.1222, 0.1113, 0.1286, 0.1142, 0.0799],
        [0.1533, 0.1455, 0.1370, 0.1596, 0.1273, 0.1305, 0.1468],
        [0.1229, 0.1162, 0.1193, 0.1453, 0.1353, 0.1324, 0.2285],
        [0.1251, 0.1231, 0.1298, 0.1253, 0.1203, 0.1179, 0.2586]],
       device='cuda:1', grad_fn=<SoftmaxBackward>)
tensor([[0.2774, 0.1797, 0.1003, 0.1276, 0.1186, 0.1157, 0.0807],
        [0.1809, 0.1317, 0.1333, 0.1360, 0.1274, 0.1269, 0.1637],
        [0.1387, 0.1173, 0.1338, 0.1236, 0.1344, 0.1432, 0.2091],
        [0.1232, 0.1187, 0.1224, 0.1298, 0.1153, 0.1226, 0.2680],
        [0.1265, 0.1141, 0.1185, 0.1248, 0.1268, 0.1305, 0.2588]],
       device='cuda:1', grad_fn=<SoftmaxBackward>)
#####################

10/23 06:40:50 PM | Train: [ 8/100] Step 000/195 Loss 3.643 Prec@(1,5) (11.7%, 33.6%)
10/23 06:41:43 PM | Train: [ 8/100] Step 050/195 Loss 3.620 Prec@(1,5) (13.3%, 39.1%)
10/23 06:42:36 PM | Train: [ 8/100] Step 100/195 Loss 3.605 Prec@(1,5) (13.3%, 39.4%)
10/23 06:43:38 PM | Train: [ 8/100] Step 150/195 Loss 3.583 Prec@(1,5) (14.0%, 39.8%)
10/23 06:44:35 PM | Train: [ 8/100] Step 195/195 Loss 3.580 Prec@(1,5) (13.9%, 40.0%)
10/23 06:44:35 PM | Train: [ 8/100] Final Prec@1 13.9440%
10/23 06:44:35 PM | Valid: [ 8/100] Step 000/195 Loss 3.750 Prec@(1,5) (17.2%, 38.3%)
10/23 06:44:45 PM | Valid: [ 8/100] Step 050/195 Loss 3.609 Prec@(1,5) (14.4%, 39.5%)
10/23 06:44:55 PM | Valid: [ 8/100] Step 100/195 Loss 3.607 Prec@(1,5) (14.4%, 39.7%)
10/23 06:45:05 PM | Valid: [ 8/100] Step 150/195 Loss 3.601 Prec@(1,5) (14.4%, 39.9%)
10/23 06:45:14 PM | Valid: [ 8/100] Step 195/195 Loss 3.597 Prec@(1,5) (14.4%, 40.1%)
10/23 06:45:14 PM | Valid: [ 8/100] Final Prec@1 14.3600%
10/23 06:45:14 PM | genotype = Genotype(normal=[[('max_pool_3x3', 0), ('sep_conv_3x3', 1)], [('max_pool_3x3', 0), ('dil_conv_3x3', 1)], [('max_pool_3x3', 0), ('sep_conv_5x5', 1)], [('max_pool_3x3', 0), ('max_pool_3x3', 1)]], normal_concat=range(2, 6), reduce=[[('max_pool_3x3', 0), ('max_pool_3x3', 1)], [('max_pool_3x3', 0), ('max_pool_3x3', 1)], [('max_pool_3x3', 0), ('sep_conv_5x5', 1)], [('max_pool_3x3', 0), ('max_pool_3x3', 1)]], reduce_concat=range(2, 6))
####### ALPHA #######
# Alpha - normal
tensor([[0.2523, 0.1143, 0.1306, 0.1273, 0.1227, 0.1502, 0.1027],
        [0.1483, 0.1029, 0.1487, 0.1393, 0.1325, 0.1377, 0.1905]],
       device='cuda:1', grad_fn=<SoftmaxBackward>)
tensor([[0.2828, 0.1121, 0.1290, 0.1234, 0.1154, 0.1528, 0.0845],
        [0.1184, 0.0954, 0.1296, 0.1429, 0.1518, 0.1243, 0.2376],
        [0.0867, 0.0838, 0.1018, 0.1155, 0.1045, 0.1085, 0.3993]],
       device='cuda:1', grad_fn=<SoftmaxBackward>)
tensor([[0.3342, 0.1163, 0.1134, 0.1376, 0.1147, 0.1032, 0.0806],
        [0.1570, 0.1156, 0.1382, 0.1573, 0.1281, 0.1205, 0.1832],
        [0.0992, 0.0873, 0.1131, 0.1172, 0.1046, 0.0989, 0.3798],
        [0.0915, 0.0833, 0.0928, 0.1163, 0.0945, 0.1068, 0.4148]],
       device='cuda:1', grad_fn=<SoftmaxBackward>)
tensor([[0.4080, 0.1232, 0.1210, 0.1018, 0.1042, 0.0768, 0.0650],
        [0.1629, 0.1325, 0.1168, 0.1372, 0.1131, 0.1303, 0.2072],
        [0.1221, 0.1027, 0.1034, 0.1239, 0.0898, 0.1054, 0.3526],
        [0.0925, 0.0884, 0.1002, 0.1131, 0.0929, 0.0939, 0.4189],
        [0.0884, 0.0890, 0.1052, 0.1023, 0.1024, 0.1014, 0.4114]],
       device='cuda:1', grad_fn=<SoftmaxBackward>)

# Alpha - reduce
tensor([[0.2039, 0.1626, 0.1254, 0.1542, 0.1299, 0.1356, 0.0884],
        [0.1456, 0.1217, 0.1397, 0.1350, 0.1232, 0.1190, 0.2158]],
       device='cuda:1', grad_fn=<SoftmaxBackward>)
tensor([[0.2673, 0.1646, 0.1438, 0.1188, 0.1176, 0.1135, 0.0743],
        [0.1739, 0.1396, 0.1184, 0.1300, 0.1241, 0.1295, 0.1846],
        [0.1135, 0.1126, 0.1255, 0.1289, 0.1057, 0.1334, 0.2804]],
       device='cuda:1', grad_fn=<SoftmaxBackward>)
tensor([[0.2578, 0.1998, 0.1160, 0.1111, 0.1218, 0.1130, 0.0804],
        [0.1515, 0.1366, 0.1363, 0.1642, 0.1310, 0.1339, 0.1465],
        [0.1215, 0.1143, 0.1158, 0.1449, 0.1338, 0.1288, 0.2409],
        [0.1237, 0.1169, 0.1279, 0.1354, 0.1215, 0.1120, 0.2626]],
       device='cuda:1', grad_fn=<SoftmaxBackward>)
tensor([[0.2938, 0.1783, 0.0921, 0.1229, 0.1147, 0.1112, 0.0869],
        [0.1852, 0.1378, 0.1314, 0.1308, 0.1229, 0.1260, 0.1658],
        [0.1370, 0.1184, 0.1265, 0.1294, 0.1298, 0.1418, 0.2170],
        [0.1262, 0.1196, 0.1232, 0.1300, 0.1125, 0.1169, 0.2716],
        [0.1356, 0.1150, 0.1183, 0.1206, 0.1173, 0.1303, 0.2630]],
       device='cuda:1', grad_fn=<SoftmaxBackward>)
#####################

10/23 06:45:17 PM | Train: [ 9/100] Step 000/195 Loss 3.411 Prec@(1,5) (14.1%, 45.3%)
10/23 06:46:19 PM | Train: [ 9/100] Step 050/195 Loss 3.523 Prec@(1,5) (15.2%, 41.8%)
10/23 06:47:23 PM | Train: [ 9/100] Step 100/195 Loss 3.515 Prec@(1,5) (15.6%, 41.9%)
10/23 06:48:26 PM | Train: [ 9/100] Step 150/195 Loss 3.490 Prec@(1,5) (15.8%, 42.5%)
10/23 06:49:12 PM | Train: [ 9/100] Step 195/195 Loss 3.487 Prec@(1,5) (15.7%, 42.8%)
10/23 06:49:12 PM | Train: [ 9/100] Final Prec@1 15.7240%
10/23 06:49:12 PM | Valid: [ 9/100] Step 000/195 Loss 4.110 Prec@(1,5) (14.8%, 38.3%)
10/23 06:49:23 PM | Valid: [ 9/100] Step 050/195 Loss 3.842 Prec@(1,5) (16.7%, 41.5%)
10/23 06:49:35 PM | Valid: [ 9/100] Step 100/195 Loss 3.824 Prec@(1,5) (16.1%, 41.7%)
10/23 06:49:47 PM | Valid: [ 9/100] Step 150/195 Loss 3.829 Prec@(1,5) (15.8%, 41.5%)
10/23 06:49:58 PM | Valid: [ 9/100] Step 195/195 Loss 3.830 Prec@(1,5) (15.7%, 41.5%)
10/23 06:49:58 PM | Valid: [ 9/100] Final Prec@1 15.7080%
10/23 06:49:58 PM | genotype = Genotype(normal=[[('max_pool_3x3', 0), ('max_pool_3x3', 1)], [('max_pool_3x3', 0), ('dil_conv_3x3', 1)], [('max_pool_3x3', 0), ('max_pool_3x3', 1)], [('max_pool_3x3', 0), ('max_pool_3x3', 1)]], normal_concat=range(2, 6), reduce=[[('max_pool_3x3', 0), ('max_pool_3x3', 1)], [('max_pool_3x3', 0), ('max_pool_3x3', 1)], [('max_pool_3x3', 0), ('max_pool_3x3', 1)], [('max_pool_3x3', 0), ('max_pool_3x3', 1)]], reduce_concat=range(2, 6))
####### ALPHA #######
# Alpha - normal
tensor([[0.2641, 0.1152, 0.1257, 0.1247, 0.1273, 0.1494, 0.0937],
        [0.1541, 0.1048, 0.1447, 0.1381, 0.1268, 0.1412, 0.1904]],
       device='cuda:1', grad_fn=<SoftmaxBackward>)
tensor([[0.3000, 0.1023, 0.1286, 0.1194, 0.1111, 0.1533, 0.0853],
        [0.1145, 0.0993, 0.1308, 0.1397, 0.1402, 0.1218, 0.2537],
        [0.0847, 0.0888, 0.0978, 0.1129, 0.1038, 0.1070, 0.4050]],
       device='cuda:1', grad_fn=<SoftmaxBackward>)
tensor([[0.3545, 0.1094, 0.1108, 0.1366, 0.1116, 0.1009, 0.0762],
        [0.1545, 0.1135, 0.1383, 0.1503, 0.1275, 0.1239, 0.1920],
        [0.0995, 0.0868, 0.1072, 0.1107, 0.1017, 0.0970, 0.3971],
        [0.0871, 0.0805, 0.0885, 0.1103, 0.0861, 0.0976, 0.4499]],
       device='cuda:1', grad_fn=<SoftmaxBackward>)
tensor([[0.4598, 0.1041, 0.1143, 0.0888, 0.1021, 0.0720, 0.0588],
        [0.1566, 0.1347, 0.1175, 0.1346, 0.1129, 0.1290, 0.2146],
        [0.1275, 0.1017, 0.1026, 0.1165, 0.0902, 0.0979, 0.3636],
        [0.0905, 0.0866, 0.0985, 0.1080, 0.0886, 0.0926, 0.4353],
        [0.0813, 0.0829, 0.1000, 0.1008, 0.0957, 0.1005, 0.4388]],
       device='cuda:1', grad_fn=<SoftmaxBackward>)

# Alpha - reduce
tensor([[0.1959, 0.1632, 0.1371, 0.1550, 0.1306, 0.1320, 0.0861],
        [0.1445, 0.1195, 0.1365, 0.1394, 0.1195, 0.1142, 0.2264]],
       device='cuda:1', grad_fn=<SoftmaxBackward>)
tensor([[0.2790, 0.1636, 0.1423, 0.1147, 0.1136, 0.1112, 0.0756],
        [0.1793, 0.1396, 0.1172, 0.1304, 0.1178, 0.1296, 0.1859],
        [0.1192, 0.1105, 0.1276, 0.1288, 0.1045, 0.1278, 0.2816]],
       device='cuda:1', grad_fn=<SoftmaxBackward>)
tensor([[0.2693, 0.2024, 0.1180, 0.1066, 0.1203, 0.1067, 0.0767],
        [0.1587, 0.1413, 0.1275, 0.1515, 0.1280, 0.1285, 0.1644],
        [0.1235, 0.1082, 0.1121, 0.1406, 0.1330, 0.1290, 0.2536],
        [0.1189, 0.1118, 0.1180, 0.1340, 0.1133, 0.1221, 0.2818]],
       device='cuda:1', grad_fn=<SoftmaxBackward>)
tensor([[0.3003, 0.1841, 0.0938, 0.1253, 0.1107, 0.1054, 0.0804],
        [0.1854, 0.1418, 0.1381, 0.1265, 0.1212, 0.1257, 0.1612],
        [0.1331, 0.1110, 0.1220, 0.1288, 0.1265, 0.1357, 0.2428],
        [0.1190, 0.1118, 0.1206, 0.1301, 0.1168, 0.1200, 0.2817],
        [0.1238, 0.1107, 0.1093, 0.1184, 0.1209, 0.1341, 0.2828]],
       device='cuda:1', grad_fn=<SoftmaxBackward>)
#####################

10/23 06:50:01 PM | Train: [10/100] Step 000/195 Loss 3.672 Prec@(1,5) (9.4%, 35.2%)
10/23 06:51:00 PM | Train: [10/100] Step 050/195 Loss 3.447 Prec@(1,5) (16.3%, 43.8%)
10/23 06:52:05 PM | Train: [10/100] Step 100/195 Loss 3.420 Prec@(1,5) (16.8%, 44.8%)
10/23 06:53:07 PM | Train: [10/100] Step 150/195 Loss 3.401 Prec@(1,5) (17.1%, 45.2%)
10/23 06:54:02 PM | Train: [10/100] Step 195/195 Loss 3.393 Prec@(1,5) (17.2%, 45.2%)
10/23 06:54:02 PM | Train: [10/100] Final Prec@1 17.1840%
10/23 06:54:03 PM | Valid: [10/100] Step 000/195 Loss 3.453 Prec@(1,5) (21.9%, 45.3%)
10/23 06:54:13 PM | Valid: [10/100] Step 050/195 Loss 3.399 Prec@(1,5) (17.4%, 44.9%)
10/23 06:54:24 PM | Valid: [10/100] Step 100/195 Loss 3.415 Prec@(1,5) (17.3%, 44.5%)
10/23 06:54:35 PM | Valid: [10/100] Step 150/195 Loss 3.406 Prec@(1,5) (17.3%, 44.6%)
10/23 06:54:44 PM | Valid: [10/100] Step 195/195 Loss 3.410 Prec@(1,5) (17.0%, 44.4%)
10/23 06:54:44 PM | Valid: [10/100] Final Prec@1 17.0440%
10/23 06:54:44 PM | genotype = Genotype(normal=[[('max_pool_3x3', 0), ('max_pool_3x3', 1)], [('max_pool_3x3', 0), ('sep_conv_5x5', 1)], [('max_pool_3x3', 0), ('max_pool_3x3', 1)], [('max_pool_3x3', 0), ('max_pool_3x3', 1)]], normal_concat=range(2, 6), reduce=[[('max_pool_3x3', 0), ('sep_conv_5x5', 1)], [('max_pool_3x3', 0), ('max_pool_3x3', 1)], [('max_pool_3x3', 0), ('max_pool_3x3', 1)], [('max_pool_3x3', 0), ('max_pool_3x3', 1)]], reduce_concat=range(2, 6))
####### ALPHA #######
# Alpha - normal
tensor([[0.2687, 0.1114, 0.1236, 0.1223, 0.1249, 0.1562, 0.0930],
        [0.1624, 0.1042, 0.1424, 0.1337, 0.1221, 0.1442, 0.1909]],
       device='cuda:1', grad_fn=<SoftmaxBackward>)
tensor([[0.3099, 0.0966, 0.1244, 0.1265, 0.1026, 0.1578, 0.0822],
        [0.1104, 0.0977, 0.1264, 0.1474, 0.1337, 0.1154, 0.2690],
        [0.0811, 0.0800, 0.0940, 0.1153, 0.0931, 0.1089, 0.4276]],
       device='cuda:1', grad_fn=<SoftmaxBackward>)
tensor([[0.3722, 0.1012, 0.1198, 0.1320, 0.1025, 0.0999, 0.0724],
        [0.1561, 0.1190, 0.1381, 0.1500, 0.1247, 0.1210, 0.1912],
        [0.0937, 0.0819, 0.0987, 0.1073, 0.1020, 0.0952, 0.4213],
        [0.0855, 0.0802, 0.0875, 0.1136, 0.0838, 0.0940, 0.4553]],
       device='cuda:1', grad_fn=<SoftmaxBackward>)
tensor([[0.4945, 0.0910, 0.1060, 0.0840, 0.1002, 0.0695, 0.0549],
        [0.1545, 0.1303, 0.1189, 0.1314, 0.1097, 0.1329, 0.2225],
        [0.1135, 0.0909, 0.0990, 0.1169, 0.0830, 0.0967, 0.3999],
        [0.0910, 0.0833, 0.0924, 0.1024, 0.0818, 0.0872, 0.4618],
