10/21 06:34:54 PM | 
10/21 06:34:54 PM | Parameters:
10/21 06:34:54 PM | ALPHA_LR=0.0003
10/21 06:34:54 PM | ALPHA_WEIGHT_DECAY=0.001
10/21 06:34:54 PM | AZ=False
10/21 06:34:54 PM | BATCH_SIZE=64
10/21 06:34:54 PM | DATA_PATH=./data/
10/21 06:34:54 PM | DATASET=cifar100
10/21 06:34:54 PM | EPOCHS=50
10/21 06:34:54 PM | GPUS=[0]
10/21 06:34:54 PM | HV_TYPE=1
10/21 06:34:54 PM | INIT_CHANNELS=16
10/21 06:34:54 PM | LAYERS=8
10/21 06:34:54 PM | MULTI_AVG_RANK=0
10/21 06:34:54 PM | MULTI_AVG_SIZE=0
10/21 06:34:54 PM | N_NODES=4
10/21 06:34:54 PM | NAME=cifar100
10/21 06:34:54 PM | OPS_SET=3
10/21 06:34:54 PM | PATH=searchs/cifar100
10/21 06:34:54 PM | PLOT_PATH=searchs/cifar100/plots
10/21 06:34:54 PM | PRINT_FREQ=50
10/21 06:34:54 PM | PROXYLESS=False
10/21 06:34:54 PM | SBP=False
10/21 06:34:54 PM | SEED=2
10/21 06:34:54 PM | SMART_SAMPLE=False
10/21 06:34:54 PM | W_GRAD_CLIP=5.0
10/21 06:34:54 PM | W_LR=0.025
10/21 06:34:54 PM | W_LR_MIN=0.001
10/21 06:34:54 PM | W_MOMENTUM=0.9
10/21 06:34:54 PM | W_WEIGHT_DECAY=0.0003
10/21 06:34:54 PM | WORKERS=4
10/21 06:34:54 PM | 
10/21 06:34:54 PM | Logger is set - training start
####### ALPHA #######
# Alpha - normal
tensor([[0.1429, 0.1428, 0.1428, 0.1427, 0.1430, 0.1428, 0.1429],
        [0.1430, 0.1428, 0.1427, 0.1431, 0.1430, 0.1427, 0.1427]],
       device='cuda:0', grad_fn=<SoftmaxBackward>)
tensor([[0.1430, 0.1426, 0.1428, 0.1432, 0.1427, 0.1429, 0.1427],
        [0.1428, 0.1429, 0.1428, 0.1428, 0.1429, 0.1429, 0.1428],
        [0.1428, 0.1427, 0.1431, 0.1430, 0.1428, 0.1430, 0.1426]],
       device='cuda:0', grad_fn=<SoftmaxBackward>)
tensor([[0.1430, 0.1427, 0.1430, 0.1428, 0.1430, 0.1429, 0.1427],
        [0.1429, 0.1428, 0.1429, 0.1429, 0.1429, 0.1430, 0.1426],
        [0.1428, 0.1430, 0.1428, 0.1428, 0.1429, 0.1426, 0.1431],
        [0.1428, 0.1429, 0.1430, 0.1430, 0.1428, 0.1426, 0.1429]],
       device='cuda:0', grad_fn=<SoftmaxBackward>)
tensor([[0.1429, 0.1432, 0.1429, 0.1429, 0.1426, 0.1427, 0.1428],
        [0.1428, 0.1431, 0.1428, 0.1427, 0.1430, 0.1429, 0.1427],
        [0.1427, 0.1428, 0.1429, 0.1430, 0.1429, 0.1428, 0.1428],
        [0.1430, 0.1429, 0.1426, 0.1430, 0.1430, 0.1427, 0.1428],
        [0.1428, 0.1427, 0.1429, 0.1427, 0.1431, 0.1430, 0.1427]],
       device='cuda:0', grad_fn=<SoftmaxBackward>)

# Alpha - reduce
tensor([[0.1429, 0.1427, 0.1430, 0.1428, 0.1429, 0.1428, 0.1429],
        [0.1427, 0.1430, 0.1427, 0.1428, 0.1430, 0.1429, 0.1429]],
       device='cuda:0', grad_fn=<SoftmaxBackward>)
tensor([[0.1427, 0.1431, 0.1428, 0.1428, 0.1428, 0.1429, 0.1429],
        [0.1428, 0.1429, 0.1427, 0.1429, 0.1430, 0.1429, 0.1428],
        [0.1427, 0.1427, 0.1431, 0.1430, 0.1426, 0.1429, 0.1429]],
       device='cuda:0', grad_fn=<SoftmaxBackward>)
tensor([[0.1429, 0.1428, 0.1429, 0.1429, 0.1428, 0.1428, 0.1430],
        [0.1428, 0.1428, 0.1427, 0.1429, 0.1430, 0.1429, 0.1428],
        [0.1427, 0.1429, 0.1430, 0.1428, 0.1427, 0.1428, 0.1430],
        [0.1428, 0.1428, 0.1431, 0.1430, 0.1427, 0.1427, 0.1429]],
       device='cuda:0', grad_fn=<SoftmaxBackward>)
tensor([[0.1427, 0.1427, 0.1430, 0.1429, 0.1428, 0.1429, 0.1430],
        [0.1429, 0.1430, 0.1429, 0.1426, 0.1427, 0.1429, 0.1429],
        [0.1429, 0.1427, 0.1428, 0.1430, 0.1430, 0.1429, 0.1427],
        [0.1430, 0.1428, 0.1429, 0.1429, 0.1427, 0.1428, 0.1429],
        [0.1425, 0.1432, 0.1428, 0.1430, 0.1431, 0.1426, 0.1428]],
       device='cuda:0', grad_fn=<SoftmaxBackward>)
#####################
Files already downloaded and verified
10/21 06:35:07 PM | Train: [ 1/50] Step 000/390 Loss 4.619 Prec@(1,5) (1.6%, 6.2%)
10/21 06:38:34 PM | Train: [ 1/50] Step 050/390 Loss 4.401 Prec@(1,5) (3.7%, 15.7%)
10/21 06:41:43 PM | Train: [ 1/50] Step 100/390 Loss 4.272 Prec@(1,5) (5.1%, 19.3%)
10/21 06:44:47 PM | Train: [ 1/50] Step 150/390 Loss 4.172 Prec@(1,5) (6.4%, 22.1%)
10/21 06:47:50 PM | Train: [ 1/50] Step 200/390 Loss 4.101 Prec@(1,5) (7.4%, 24.5%)
10/21 06:50:54 PM | Train: [ 1/50] Step 250/390 Loss 4.019 Prec@(1,5) (8.5%, 26.9%)
10/21 06:53:58 PM | Train: [ 1/50] Step 300/390 Loss 3.949 Prec@(1,5) (9.4%, 29.0%)
10/21 06:57:02 PM | Train: [ 1/50] Step 350/390 Loss 3.898 Prec@(1,5) (10.1%, 30.6%)
10/21 06:59:33 PM | Train: [ 1/50] Step 390/390 Loss 3.862 Prec@(1,5) (10.6%, 31.5%)
10/21 06:59:33 PM | Train: [ 1/50] Final Prec@1 10.6240%
10/21 06:59:33 PM | Valid: [ 1/50] Step 000/390 Loss 3.575 Prec@(1,5) (15.6%, 43.8%)
10/21 06:59:43 PM | Valid: [ 1/50] Step 050/390 Loss 3.406 Prec@(1,5) (17.5%, 45.0%)
10/21 06:59:54 PM | Valid: [ 1/50] Step 100/390 Loss 3.384 Prec@(1,5) (17.8%, 45.7%)
10/21 07:00:04 PM | Valid: [ 1/50] Step 150/390 Loss 3.400 Prec@(1,5) (17.5%, 45.4%)
10/21 07:00:14 PM | Valid: [ 1/50] Step 200/390 Loss 3.403 Prec@(1,5) (17.3%, 45.6%)
10/21 07:00:24 PM | Valid: [ 1/50] Step 250/390 Loss 3.396 Prec@(1,5) (17.4%, 45.7%)
10/21 07:00:34 PM | Valid: [ 1/50] Step 300/390 Loss 3.390 Prec@(1,5) (17.4%, 45.7%)
10/21 07:00:44 PM | Valid: [ 1/50] Step 350/390 Loss 3.388 Prec@(1,5) (17.6%, 45.8%)
10/21 07:00:52 PM | Valid: [ 1/50] Step 390/390 Loss 3.385 Prec@(1,5) (17.6%, 45.9%)
10/21 07:00:52 PM | Valid: [ 1/50] Final Prec@1 17.6280%
10/21 07:00:52 PM | genotype = Genotype(normal=[[('max_pool_3x3', 0), ('sep_conv_3x3', 1)], [('max_pool_3x3', 0), ('sep_conv_3x3', 1)], [('max_pool_3x3', 0), ('dil_conv_5x5', 1)], [('dil_conv_5x5', 1), ('dil_conv_5x5', 4)]], normal_concat=range(2, 6), reduce=[[('max_pool_3x3', 0), ('dil_conv_5x5', 1)], [('max_pool_3x3', 0), ('sep_conv_5x5', 2)], [('max_pool_3x3', 0), ('dil_conv_5x5', 1)], [('dil_conv_5x5', 4), ('dil_conv_5x5', 3)]], reduce_concat=range(2, 6))
####### ALPHA #######
# Alpha - normal
tensor([[0.1496, 0.1427, 0.1400, 0.1421, 0.1425, 0.1436, 0.1394],
        [0.1404, 0.1367, 0.1451, 0.1432, 0.1426, 0.1432, 0.1489]],
       device='cuda:0', grad_fn=<SoftmaxBackward>)
tensor([[0.1491, 0.1416, 0.1420, 0.1416, 0.1417, 0.1450, 0.1390],
        [0.1414, 0.1384, 0.1444, 0.1443, 0.1424, 0.1435, 0.1455],
        [0.1432, 0.1406, 0.1432, 0.1422, 0.1416, 0.1433, 0.1459]],
       device='cuda:0', grad_fn=<SoftmaxBackward>)
tensor([[0.1489, 0.1413, 0.1441, 0.1410, 0.1406, 0.1438, 0.1403],
        [0.1407, 0.1366, 0.1439, 0.1442, 0.1431, 0.1447, 0.1469],
        [0.1422, 0.1400, 0.1429, 0.1416, 0.1420, 0.1444, 0.1469],
        [0.1413, 0.1394, 0.1439, 0.1445, 0.1416, 0.1423, 0.1469]],
       device='cuda:0', grad_fn=<SoftmaxBackward>)
tensor([[0.1464, 0.1404, 0.1418, 0.1440, 0.1417, 0.1437, 0.1420],
        [0.1391, 0.1369, 0.1445, 0.1436, 0.1445, 0.1462, 0.1453],
        [0.1394, 0.1378, 0.1422, 0.1451, 0.1451, 0.1449, 0.1455],
        [0.1390, 0.1374, 0.1433, 0.1441, 0.1456, 0.1447, 0.1459],
        [0.1388, 0.1372, 0.1431, 0.1443, 0.1439, 0.1461, 0.1467]],
       device='cuda:0', grad_fn=<SoftmaxBackward>)

# Alpha - reduce
tensor([[0.1478, 0.1448, 0.1409, 0.1431, 0.1416, 0.1426, 0.1391],
        [0.1416, 0.1408, 0.1429, 0.1426, 0.1420, 0.1447, 0.1453]],
       device='cuda:0', grad_fn=<SoftmaxBackward>)
tensor([[0.1474, 0.1449, 0.1422, 0.1393, 0.1418, 0.1449, 0.1395],
        [0.1428, 0.1414, 0.1420, 0.1427, 0.1448, 0.1419, 0.1442],
        [0.1439, 0.1407, 0.1410, 0.1456, 0.1412, 0.1442, 0.1434]],
       device='cuda:0', grad_fn=<SoftmaxBackward>)
tensor([[0.1467, 0.1435, 0.1403, 0.1425, 0.1446, 0.1419, 0.1404],
        [0.1431, 0.1412, 0.1395, 0.1413, 0.1448, 0.1462, 0.1439],
        [0.1430, 0.1395, 0.1424, 0.1435, 0.1439, 0.1437, 0.1441],
        [0.1420, 0.1390, 0.1443, 0.1448, 0.1425, 0.1444, 0.1430]],
       device='cuda:0', grad_fn=<SoftmaxBackward>)
tensor([[0.1453, 0.1422, 0.1418, 0.1422, 0.1436, 0.1433, 0.1416],
        [0.1417, 0.1404, 0.1434, 0.1438, 0.1430, 0.1422, 0.1455],
        [0.1419, 0.1382, 0.1428, 0.1436, 0.1444, 0.1452, 0.1439],
        [0.1409, 0.1380, 0.1437, 0.1449, 0.1424, 0.1456, 0.1445],
        [0.1403, 0.1394, 0.1432, 0.1440, 0.1416, 0.1458, 0.1456]],
       device='cuda:0', grad_fn=<SoftmaxBackward>)
#####################

10/21 07:00:59 PM | Train: [ 2/50] Step 000/390 Loss 3.598 Prec@(1,5) (12.5%, 37.5%)
10/21 07:04:27 PM | Train: [ 2/50] Step 050/390 Loss 3.358 Prec@(1,5) (17.9%, 45.6%)
10/21 07:07:54 PM | Train: [ 2/50] Step 100/390 Loss 3.357 Prec@(1,5) (17.9%, 45.7%)
10/21 07:11:20 PM | Train: [ 2/50] Step 150/390 Loss 3.347 Prec@(1,5) (18.3%, 46.3%)
10/21 07:14:47 PM | Train: [ 2/50] Step 200/390 Loss 3.313 Prec@(1,5) (18.9%, 47.6%)
10/21 07:18:14 PM | Train: [ 2/50] Step 250/390 Loss 3.292 Prec@(1,5) (19.3%, 48.2%)
10/21 07:21:41 PM | Train: [ 2/50] Step 300/390 Loss 3.265 Prec@(1,5) (19.8%, 48.9%)
10/21 07:25:07 PM | Train: [ 2/50] Step 350/390 Loss 3.233 Prec@(1,5) (20.4%, 49.7%)
10/21 07:27:53 PM | Train: [ 2/50] Step 390/390 Loss 3.210 Prec@(1,5) (20.7%, 50.2%)
10/21 07:27:53 PM | Train: [ 2/50] Final Prec@1 20.7400%
10/21 07:27:53 PM | Valid: [ 2/50] Step 000/390 Loss 3.181 Prec@(1,5) (20.3%, 56.2%)
10/21 07:28:03 PM | Valid: [ 2/50] Step 050/390 Loss 3.154 Prec@(1,5) (23.4%, 53.3%)
10/21 07:28:13 PM | Valid: [ 2/50] Step 100/390 Loss 3.162 Prec@(1,5) (22.9%, 53.0%)
10/21 07:28:23 PM | Valid: [ 2/50] Step 150/390 Loss 3.158 Prec@(1,5) (23.1%, 53.4%)
10/21 07:28:33 PM | Valid: [ 2/50] Step 200/390 Loss 3.160 Prec@(1,5) (23.2%, 53.1%)
10/21 07:28:43 PM | Valid: [ 2/50] Step 250/390 Loss 3.158 Prec@(1,5) (23.0%, 53.1%)
10/21 07:28:53 PM | Valid: [ 2/50] Step 300/390 Loss 3.158 Prec@(1,5) (22.9%, 53.2%)
10/21 07:29:03 PM | Valid: [ 2/50] Step 350/390 Loss 3.156 Prec@(1,5) (22.9%, 53.3%)
10/21 07:29:11 PM | Valid: [ 2/50] Step 390/390 Loss 3.155 Prec@(1,5) (23.0%, 53.4%)
10/21 07:29:11 PM | Valid: [ 2/50] Final Prec@1 23.0120%
10/21 07:29:11 PM | genotype = Genotype(normal=[[('max_pool_3x3', 0), ('sep_conv_3x3', 1)], [('max_pool_3x3', 0), ('sep_conv_5x5', 1)], [('max_pool_3x3', 0), ('dil_conv_5x5', 1)], [('max_pool_3x3', 0), ('dil_conv_5x5', 4)]], normal_concat=range(2, 6), reduce=[[('max_pool_3x3', 0), ('sep_conv_3x3', 1)], [('max_pool_3x3', 0), ('sep_conv_5x5', 2)], [('max_pool_3x3', 0), ('dil_conv_5x5', 1)], [('dil_conv_5x5', 4), ('max_pool_3x3', 0)]], reduce_concat=range(2, 6))
####### ALPHA #######
# Alpha - normal
tensor([[0.1556, 0.1427, 0.1393, 0.1414, 0.1404, 0.1449, 0.1358],
        [0.1385, 0.1320, 0.1472, 0.1443, 0.1413, 0.1433, 0.1534]],
       device='cuda:0', grad_fn=<SoftmaxBackward>)
tensor([[0.1539, 0.1407, 0.1417, 0.1428, 0.1402, 0.1450, 0.1356],
        [0.1408, 0.1356, 0.1442, 0.1477, 0.1415, 0.1430, 0.1471],
        [0.1436, 0.1392, 0.1418, 0.1402, 0.1426, 0.1442, 0.1483]],
       device='cuda:0', grad_fn=<SoftmaxBackward>)
tensor([[0.1546, 0.1405, 0.1437, 0.1424, 0.1384, 0.1436, 0.1368],
        [0.1389, 0.1316, 0.1445, 0.1442, 0.1442, 0.1470, 0.1497],
        [0.1428, 0.1383, 0.1413, 0.1404, 0.1419, 0.1445, 0.1509],
        [0.1398, 0.1358, 0.1420, 0.1453, 0.1447, 0.1430, 0.1493]],
       device='cuda:0', grad_fn=<SoftmaxBackward>)
tensor([[0.1506, 0.1392, 0.1395, 0.1473, 0.1392, 0.1430, 0.1413],
        [0.1378, 0.1332, 0.1421, 0.1483, 0.1448, 0.1468, 0.1470],
        [0.1388, 0.1354, 0.1401, 0.1475, 0.1475, 0.1453, 0.1454],
        [0.1376, 0.1341, 0.1425, 0.1449, 0.1462, 0.1468, 0.1478],
        [0.1370, 0.1343, 0.1421, 0.1448, 0.1431, 0.1493, 0.1493]],
       device='cuda:0', grad_fn=<SoftmaxBackward>)

# Alpha - reduce
tensor([[0.1516, 0.1462, 0.1402, 0.1419, 0.1424, 0.1417, 0.1358],
        [0.1410, 0.1393, 0.1445, 0.1425, 0.1406, 0.1443, 0.1478]],
       device='cuda:0', grad_fn=<SoftmaxBackward>)
tensor([[0.1515, 0.1468, 0.1423, 0.1374, 0.1422, 0.1436, 0.1362],
        [0.1438, 0.1409, 0.1415, 0.1413, 0.1453, 0.1424, 0.1448],
        [0.1437, 0.1380, 0.1394, 0.1481, 0.1424, 0.1449, 0.1436]],
       device='cuda:0', grad_fn=<SoftmaxBackward>)
tensor([[0.1482, 0.1430, 0.1393, 0.1438, 0.1429, 0.1441, 0.1387],
        [0.1438, 0.1402, 0.1382, 0.1414, 0.1453, 0.1460, 0.1450],
        [0.1413, 0.1352, 0.1417, 0.1443, 0.1459, 0.1456, 0.1461],
        [0.1409, 0.1359, 0.1443, 0.1463, 0.1424, 0.1463, 0.1440]],
       device='cuda:0', grad_fn=<SoftmaxBackward>)
tensor([[0.1481, 0.1421, 0.1410, 0.1430, 0.1422, 0.1435, 0.1401],
        [0.1426, 0.1397, 0.1456, 0.1430, 0.1424, 0.1392, 0.1475],
        [0.1409, 0.1333, 0.1423, 0.1452, 0.1469, 0.1468, 0.1447],
        [0.1395, 0.1344, 0.1454, 0.1474, 0.1423, 0.1461, 0.1449],
        [0.1376, 0.1343, 0.1438, 0.1465, 0.1404, 0.1492, 0.1482]],
       device='cuda:0', grad_fn=<SoftmaxBackward>)
#####################

10/21 07:29:16 PM | Train: [ 3/50] Step 000/390 Loss 2.797 Prec@(1,5) (32.8%, 56.2%)
10/21 07:32:41 PM | Train: [ 3/50] Step 050/390 Loss 2.906 Prec@(1,5) (25.8%, 57.5%)
10/21 07:36:05 PM | Train: [ 3/50] Step 100/390 Loss 2.907 Prec@(1,5) (26.0%, 58.3%)
10/21 07:39:28 PM | Train: [ 3/50] Step 150/390 Loss 2.890 Prec@(1,5) (26.2%, 58.5%)
10/21 07:42:52 PM | Train: [ 3/50] Step 200/390 Loss 2.873 Prec@(1,5) (26.7%, 59.1%)
10/21 07:46:15 PM | Train: [ 3/50] Step 250/390 Loss 2.863 Prec@(1,5) (27.0%, 59.4%)
10/21 07:49:36 PM | Train: [ 3/50] Step 300/390 Loss 2.838 Prec@(1,5) (27.6%, 59.9%)
10/21 07:53:03 PM | Train: [ 3/50] Step 350/390 Loss 2.826 Prec@(1,5) (27.9%, 60.1%)
10/21 07:55:47 PM | Train: [ 3/50] Step 390/390 Loss 2.816 Prec@(1,5) (28.1%, 60.3%)
10/21 07:55:48 PM | Train: [ 3/50] Final Prec@1 28.0600%
10/21 07:55:48 PM | Valid: [ 3/50] Step 000/390 Loss 2.964 Prec@(1,5) (29.7%, 56.2%)
10/21 07:55:58 PM | Valid: [ 3/50] Step 050/390 Loss 2.678 Prec@(1,5) (30.4%, 63.8%)
10/21 07:56:07 PM | Valid: [ 3/50] Step 100/390 Loss 2.684 Prec@(1,5) (30.4%, 63.4%)
10/21 07:56:17 PM | Valid: [ 3/50] Step 150/390 Loss 2.686 Prec@(1,5) (30.5%, 63.3%)
10/21 07:56:27 PM | Valid: [ 3/50] Step 200/390 Loss 2.691 Prec@(1,5) (30.5%, 63.1%)
10/21 07:56:36 PM | Valid: [ 3/50] Step 250/390 Loss 2.696 Prec@(1,5) (30.6%, 63.0%)
10/21 07:56:46 PM | Valid: [ 3/50] Step 300/390 Loss 2.697 Prec@(1,5) (30.5%, 63.1%)
10/21 07:56:55 PM | Valid: [ 3/50] Step 350/390 Loss 2.698 Prec@(1,5) (30.4%, 63.0%)
10/21 07:57:03 PM | Valid: [ 3/50] Step 390/390 Loss 2.698 Prec@(1,5) (30.6%, 63.2%)
10/21 07:57:03 PM | Valid: [ 3/50] Final Prec@1 30.5520%
10/21 07:57:03 PM | genotype = Genotype(normal=[[('max_pool_3x3', 0), ('sep_conv_3x3', 1)], [('max_pool_3x3', 0), ('sep_conv_5x5', 1)], [('max_pool_3x3', 0), ('sep_conv_5x5', 3)], [('max_pool_3x3', 0), ('sep_conv_5x5', 1)]], normal_concat=range(2, 6), reduce=[[('max_pool_3x3', 0), ('sep_conv_3x3', 1)], [('max_pool_3x3', 0), ('sep_conv_5x5', 2)], [('max_pool_3x3', 0), ('dil_conv_5x5', 2)], [('max_pool_3x3', 0), ('sep_conv_5x5', 3)]], reduce_concat=range(2, 6))
####### ALPHA #######
# Alpha - normal
tensor([[0.1609, 0.1409, 0.1412, 0.1426, 0.1380, 0.1442, 0.1322],
        [0.1376, 0.1270, 0.1490, 0.1468, 0.1399, 0.1424, 0.1574]],
       device='cuda:0', grad_fn=<SoftmaxBackward>)
tensor([[0.1601, 0.1398, 0.1420, 0.1431, 0.1372, 0.1453, 0.1325],
        [0.1408, 0.1315, 0.1454, 0.1500, 0.1424, 0.1410, 0.1490],
        [0.1441, 0.1368, 0.1422, 0.1380, 0.1426, 0.1450, 0.1513]],
       device='cuda:0', grad_fn=<SoftmaxBackward>)
tensor([[0.1590, 0.1379, 0.1459, 0.1441, 0.1371, 0.1416, 0.1344],
        [0.1397, 0.1282, 0.1460, 0.1448, 0.1428, 0.1468, 0.1517],
        [0.1428, 0.1358, 0.1404, 0.1400, 0.1421, 0.1439, 0.1549],
        [0.1379, 0.1320, 0.1416, 0.1471, 0.1457, 0.1430, 0.1527]],
       device='cuda:0', grad_fn=<SoftmaxBackward>)
tensor([[0.1563, 0.1379, 0.1394, 0.1485, 0.1373, 0.1406, 0.1400],
        [0.1378, 0.1294, 0.1404, 0.1514, 0.1452, 0.1475, 0.1483],
        [0.1386, 0.1330, 0.1392, 0.1504, 0.1482, 0.1454, 0.1453],
        [0.1354, 0.1301, 0.1426, 0.1461, 0.1472, 0.1474, 0.1513],
        [0.1350, 0.1315, 0.1414, 0.1471, 0.1406, 0.1510, 0.1534]],
       device='cuda:0', grad_fn=<SoftmaxBackward>)

# Alpha - reduce
tensor([[0.1552, 0.1476, 0.1422, 0.1416, 0.1427, 0.1382, 0.1326],
        [0.1408, 0.1389, 0.1450, 0.1414, 0.1394, 0.1443, 0.1502]],
       device='cuda:0', grad_fn=<SoftmaxBackward>)
tensor([[0.1552, 0.1483, 0.1442, 0.1362, 0.1403, 0.1430, 0.1327],
        [0.1437, 0.1404, 0.1390, 0.1402, 0.1469, 0.1425, 0.1473],
        [0.1416, 0.1338, 0.1387, 0.1509, 0.1447, 0.1480, 0.1422]],
       device='cuda:0', grad_fn=<SoftmaxBackward>)
tensor([[0.1500, 0.1432, 0.1375, 0.1455, 0.1432, 0.1442, 0.1365],
        [0.1431, 0.1390, 0.1394, 0.1397, 0.1453, 0.1473, 0.1462],
        [0.1393, 0.1305, 0.1426, 0.1466, 0.1464, 0.1478, 0.1468],
        [0.1394, 0.1333, 0.1449, 0.1475, 0.1431, 0.1458, 0.1459]],
       device='cuda:0', grad_fn=<SoftmaxBackward>)
tensor([[0.1513, 0.1435, 0.1399, 0.1423, 0.1411, 0.1430, 0.1390],
        [0.1417, 0.1385, 0.1479, 0.1420, 0.1429, 0.1379, 0.1490],
        [0.1379, 0.1288, 0.1436, 0.1466, 0.1495, 0.1472, 0.1464],
        [0.1369, 0.1303, 0.1466, 0.1509, 0.1451, 0.1454, 0.1447],
        [0.1340, 0.1298, 0.1459, 0.1488, 0.1408, 0.1493, 0.1514]],
       device='cuda:0', grad_fn=<SoftmaxBackward>)
#####################

10/21 07:57:08 PM | Train: [ 4/50] Step 000/390 Loss 2.448 Prec@(1,5) (32.8%, 71.9%)
10/21 08:00:31 PM | Train: [ 4/50] Step 050/390 Loss 2.578 Prec@(1,5) (32.9%, 65.2%)
10/21 08:03:57 PM | Train: [ 4/50] Step 100/390 Loss 2.588 Prec@(1,5) (32.4%, 65.6%)
10/21 08:07:21 PM | Train: [ 4/50] Step 150/390 Loss 2.581 Prec@(1,5) (32.6%, 65.4%)
10/21 08:10:45 PM | Train: [ 4/50] Step 200/390 Loss 2.563 Prec@(1,5) (33.2%, 65.9%)
10/21 08:14:09 PM | Train: [ 4/50] Step 250/390 Loss 2.550 Prec@(1,5) (33.3%, 66.1%)
10/21 08:17:34 PM | Train: [ 4/50] Step 300/390 Loss 2.536 Prec@(1,5) (33.6%, 66.6%)
10/21 08:21:01 PM | Train: [ 4/50] Step 350/390 Loss 2.526 Prec@(1,5) (33.9%, 66.7%)
10/21 08:23:46 PM | Train: [ 4/50] Step 390/390 Loss 2.518 Prec@(1,5) (34.2%, 66.9%)
10/21 08:23:46 PM | Train: [ 4/50] Final Prec@1 34.2160%
10/21 08:23:46 PM | Valid: [ 4/50] Step 000/390 Loss 2.505 Prec@(1,5) (43.8%, 70.3%)
10/21 08:23:56 PM | Valid: [ 4/50] Step 050/390 Loss 2.521 Prec@(1,5) (34.2%, 66.9%)
10/21 08:24:06 PM | Valid: [ 4/50] Step 100/390 Loss 2.535 Prec@(1,5) (34.0%, 66.8%)
10/21 08:24:16 PM | Valid: [ 4/50] Step 150/390 Loss 2.522 Prec@(1,5) (34.5%, 67.0%)
10/21 08:24:26 PM | Valid: [ 4/50] Step 200/390 Loss 2.519 Prec@(1,5) (34.7%, 67.1%)
10/21 08:24:36 PM | Valid: [ 4/50] Step 250/390 Loss 2.510 Prec@(1,5) (35.0%, 67.6%)
10/21 08:24:46 PM | Valid: [ 4/50] Step 300/390 Loss 2.503 Prec@(1,5) (35.1%, 67.6%)
10/21 08:24:56 PM | Valid: [ 4/50] Step 350/390 Loss 2.509 Prec@(1,5) (35.0%, 67.5%)
10/21 08:25:04 PM | Valid: [ 4/50] Step 390/390 Loss 2.511 Prec@(1,5) (35.0%, 67.4%)
10/21 08:25:04 PM | Valid: [ 4/50] Final Prec@1 34.9960%
10/21 08:25:04 PM | genotype = Genotype(normal=[[('max_pool_3x3', 0), ('sep_conv_3x3', 1)], [('max_pool_3x3', 0), ('sep_conv_5x5', 1)], [('max_pool_3x3', 0), ('sep_conv_3x3', 1)], [('max_pool_3x3', 0), ('sep_conv_5x5', 1)]], normal_concat=range(2, 6), reduce=[[('max_pool_3x3', 0), ('dil_conv_5x5', 1)], [('max_pool_3x3', 0), ('sep_conv_5x5', 2)], [('max_pool_3x3', 0), ('dil_conv_5x5', 2)], [('max_pool_3x3', 0), ('sep_conv_5x5', 3)]], reduce_concat=range(2, 6))
####### ALPHA #######
# Alpha - normal
tensor([[0.1664, 0.1405, 0.1417, 0.1428, 0.1369, 0.1421, 0.1296],
        [0.1366, 0.1228, 0.1508, 0.1482, 0.1397, 0.1410, 0.1609]],
       device='cuda:0', grad_fn=<SoftmaxBackward>)
tensor([[0.1666, 0.1404, 0.1426, 0.1430, 0.1343, 0.1435, 0.1295],
        [0.1400, 0.1278, 0.1473, 0.1506, 0.1435, 0.1393, 0.1516],
        [0.1438, 0.1345, 0.1418, 0.1364, 0.1445, 0.1435, 0.1555]],
       device='cuda:0', grad_fn=<SoftmaxBackward>)
tensor([[0.1626, 0.1363, 0.1469, 0.1448, 0.1371, 0.1406, 0.1317],
        [0.1384, 0.1239, 0.1492, 0.1449, 0.1436, 0.1463, 0.1537],
        [0.1422, 0.1338, 0.1389, 0.1406, 0.1406, 0.1445, 0.1593],
        [0.1344, 0.1277, 0.1438, 0.1489, 0.1466, 0.1428, 0.1558]],
       device='cuda:0', grad_fn=<SoftmaxBackward>)
tensor([[0.1608, 0.1372, 0.1385, 0.1510, 0.1355, 0.1377, 0.1394],
        [0.1365, 0.1256, 0.1406, 0.1534, 0.1441, 0.1487, 0.1511],
        [0.1371, 0.1303, 0.1377, 0.1513, 0.1499, 0.1446, 0.1490],
        [0.1311, 0.1250, 0.1443, 0.1480, 0.1474, 0.1484, 0.1558],
        [0.1317, 0.1274, 0.1428, 0.1491, 0.1396, 0.1534, 0.1561]],
       device='cuda:0', grad_fn=<SoftmaxBackward>)

# Alpha - reduce
tensor([[0.1578, 0.1489, 0.1439, 0.1412, 0.1414, 0.1364, 0.1304],
        [0.1392, 0.1378, 0.1445, 0.1424, 0.1394, 0.1448, 0.1518]],
       device='cuda:0', grad_fn=<SoftmaxBackward>)
tensor([[0.1590, 0.1499, 0.1429, 0.1351, 0.1394, 0.1426, 0.1310],
        [0.1436, 0.1401, 0.1376, 0.1380, 0.1489, 0.1440, 0.1478],
        [0.1401, 0.1312, 0.1396, 0.1518, 0.1461, 0.1501, 0.1410]],
       device='cuda:0', grad_fn=<SoftmaxBackward>)
tensor([[0.1533, 0.1443, 0.1351, 0.1461, 0.1426, 0.1439, 0.1347],
        [0.1437, 0.1391, 0.1388, 0.1396, 0.1449, 0.1463, 0.1476],
        [0.1389, 0.1279, 0.1420, 0.1489, 0.1459, 0.1492, 0.1471],
        [0.1402, 0.1324, 0.1435, 0.1465, 0.1434, 0.1451, 0.1489]],
       device='cuda:0', grad_fn=<SoftmaxBackward>)
tensor([[0.1542, 0.1445, 0.1392, 0.1423, 0.1402, 0.1419, 0.1378],
        [0.1439, 0.1399, 0.1478, 0.1425, 0.1432, 0.1341, 0.1486],
        [0.1387, 0.1276, 0.1429, 0.1469, 0.1493, 0.1472, 0.1474],
        [0.1370, 0.1286, 0.1465, 0.1517, 0.1459, 0.1446, 0.1457],
        [0.1327, 0.1276, 0.1465, 0.1488, 0.1419, 0.1483, 0.1543]],
       device='cuda:0', grad_fn=<SoftmaxBackward>)
#####################

10/21 08:25:09 PM | Train: [ 5/50] Step 000/390 Loss 2.510 Prec@(1,5) (39.1%, 71.9%)
10/21 08:28:34 PM | Train: [ 5/50] Step 050/390 Loss 2.294 Prec@(1,5) (38.8%, 71.8%)
10/21 08:31:59 PM | Train: [ 5/50] Step 100/390 Loss 2.310 Prec@(1,5) (38.6%, 71.5%)
10/21 08:35:22 PM | Train: [ 5/50] Step 150/390 Loss 2.321 Prec@(1,5) (38.4%, 71.5%)
10/21 08:38:46 PM | Train: [ 5/50] Step 200/390 Loss 2.320 Prec@(1,5) (38.2%, 71.5%)
10/21 08:42:10 PM | Train: [ 5/50] Step 250/390 Loss 2.318 Prec@(1,5) (38.4%, 71.4%)
10/21 08:45:34 PM | Train: [ 5/50] Step 300/390 Loss 2.308 Prec@(1,5) (38.6%, 71.7%)
10/21 08:48:51 PM | Train: [ 5/50] Step 350/390 Loss 2.300 Prec@(1,5) (38.8%, 71.8%)
10/21 08:51:35 PM | Train: [ 5/50] Step 390/390 Loss 2.288 Prec@(1,5) (39.0%, 72.1%)
10/21 08:51:35 PM | Train: [ 5/50] Final Prec@1 39.0200%
10/21 08:51:36 PM | Valid: [ 5/50] Step 000/390 Loss 2.354 Prec@(1,5) (37.5%, 70.3%)
10/21 08:51:46 PM | Valid: [ 5/50] Step 050/390 Loss 2.322 Prec@(1,5) (38.5%, 72.2%)
10/21 08:51:56 PM | Valid: [ 5/50] Step 100/390 Loss 2.361 Prec@(1,5) (37.9%, 71.5%)
10/21 08:52:05 PM | Valid: [ 5/50] Step 150/390 Loss 2.346 Prec@(1,5) (38.1%, 71.7%)
10/21 08:52:15 PM | Valid: [ 5/50] Step 200/390 Loss 2.330 Prec@(1,5) (38.3%, 72.0%)
10/21 08:52:25 PM | Valid: [ 5/50] Step 250/390 Loss 2.332 Prec@(1,5) (38.6%, 71.8%)
10/21 08:52:35 PM | Valid: [ 5/50] Step 300/390 Loss 2.340 Prec@(1,5) (38.6%, 71.6%)
10/21 08:52:45 PM | Valid: [ 5/50] Step 350/390 Loss 2.350 Prec@(1,5) (38.5%, 71.2%)
10/21 08:52:53 PM | Valid: [ 5/50] Step 390/390 Loss 2.349 Prec@(1,5) (38.7%, 71.4%)
10/21 08:52:53 PM | Valid: [ 5/50] Final Prec@1 38.6680%
10/21 08:52:53 PM | genotype = Genotype(normal=[[('max_pool_3x3', 0), ('sep_conv_3x3', 1)], [('max_pool_3x3', 0), ('sep_conv_5x5', 1)], [('max_pool_3x3', 0), ('sep_conv_5x5', 3)], [('max_pool_3x3', 0), ('sep_conv_5x5', 1)]], normal_concat=range(2, 6), reduce=[[('max_pool_3x3', 0), ('sep_conv_3x3', 1)], [('max_pool_3x3', 0), ('sep_conv_5x5', 2)], [('max_pool_3x3', 0), ('sep_conv_5x5', 2)], [('max_pool_3x3', 0), ('sep_conv_5x5', 3)]], reduce_concat=range(2, 6))
####### ALPHA #######
# Alpha - normal
tensor([[0.1697, 0.1407, 0.1419, 0.1438, 0.1344, 0.1422, 0.1272],
        [0.1359, 0.1206, 0.1517, 0.1481, 0.1397, 0.1392, 0.1647]],
       device='cuda:0', grad_fn=<SoftmaxBackward>)
tensor([[0.1725, 0.1419, 0.1419, 0.1433, 0.1321, 0.1413, 0.1272],
        [0.1409, 0.1266, 0.1490, 0.1511, 0.1420, 0.1358, 0.1546],
        [0.1427, 0.1328, 0.1413, 0.1353, 0.1471, 0.1418, 0.1589]],
       device='cuda:0', grad_fn=<SoftmaxBackward>)
tensor([[0.1646, 0.1348, 0.1475, 0.1463, 0.1364, 0.1390, 0.1313],
        [0.1380, 0.1208, 0.1510, 0.1454, 0.1436, 0.1447, 0.1567],
        [0.1404, 0.1310, 0.1387, 0.1403, 0.1403, 0.1448, 0.1644],
        [0.1304, 0.1227, 0.1480, 0.1511, 0.1451, 0.1435, 0.1591]],
       device='cuda:0', grad_fn=<SoftmaxBackward>)
tensor([[0.1634, 0.1363, 0.1380, 0.1538, 0.1331, 0.1363, 0.1391],
        [0.1358, 0.1232, 0.1408, 0.1538, 0.1429, 0.1494, 0.1542],
        [0.1352, 0.1277, 0.1356, 0.1531, 0.1502, 0.1441, 0.1541],
        [0.1258, 0.1191, 0.1473, 0.1503, 0.1478, 0.1494, 0.1603],
        [0.1262, 0.1219, 0.1454, 0.1520, 0.1409, 0.1534, 0.1601]],
       device='cuda:0', grad_fn=<SoftmaxBackward>)

# Alpha - reduce
tensor([[0.1605, 0.1518, 0.1437, 0.1403, 0.1402, 0.1356, 0.1279],
        [0.1403, 0.1389, 0.1437, 0.1430, 0.1388, 0.1416, 0.1537]],
       device='cuda:0', grad_fn=<SoftmaxBackward>)
tensor([[0.1629, 0.1535, 0.1411, 0.1336, 0.1387, 0.1409, 0.1294],
        [0.1429, 0.1396, 0.1388, 0.1371, 0.1497, 0.1444, 0.1475],
        [0.1373, 0.1285, 0.1407, 0.1548, 0.1465, 0.1509, 0.1412]],
       device='cuda:0', grad_fn=<SoftmaxBackward>)
tensor([[0.1560, 0.1467, 0.1322, 0.1473, 0.1413, 0.1445, 0.1320],
        [0.1442, 0.1394, 0.1401, 0.1394, 0.1445, 0.1455, 0.1469],
        [0.1365, 0.1250, 0.1431, 0.1512, 0.1454, 0.1507, 0.1482],
        [0.1387, 0.1306, 0.1417, 0.1489, 0.1434, 0.1460, 0.1507]],
       device='cuda:0', grad_fn=<SoftmaxBackward>)
tensor([[0.1570, 0.1472, 0.1381, 0.1418, 0.1390, 0.1403, 0.1365],
        [0.1448, 0.1408, 0.1481, 0.1407, 0.1430, 0.1331, 0.1494],
        [0.1360, 0.1253, 0.1434, 0.1475, 0.1487, 0.1493, 0.1499],
        [0.1346, 0.1269, 0.1492, 0.1506, 0.1463, 0.1442, 0.1480],
        [0.1307, 0.1261, 0.1487, 0.1487, 0.1401, 0.1490, 0.1567]],
       device='cuda:0', grad_fn=<SoftmaxBackward>)
#####################

10/21 08:52:58 PM | Train: [ 6/50] Step 000/390 Loss 2.285 Prec@(1,5) (39.1%, 78.1%)
10/21 08:56:23 PM | Train: [ 6/50] Step 050/390 Loss 2.144 Prec@(1,5) (42.1%, 74.9%)
10/21 08:59:50 PM | Train: [ 6/50] Step 100/390 Loss 2.127 Prec@(1,5) (42.8%, 75.5%)
10/21 09:03:16 PM | Train: [ 6/50] Step 150/390 Loss 2.134 Prec@(1,5) (42.3%, 75.6%)
10/21 09:06:28 PM | Train: [ 6/50] Step 200/390 Loss 2.123 Prec@(1,5) (42.4%, 75.7%)
10/21 09:09:28 PM | Train: [ 6/50] Step 250/390 Loss 2.117 Prec@(1,5) (42.5%, 75.6%)
10/21 09:12:28 PM | Train: [ 6/50] Step 300/390 Loss 2.113 Prec@(1,5) (42.7%, 75.8%)
10/21 09:15:27 PM | Train: [ 6/50] Step 350/390 Loss 2.106 Prec@(1,5) (42.8%, 75.7%)
10/21 09:17:51 PM | Train: [ 6/50] Step 390/390 Loss 2.104 Prec@(1,5) (42.8%, 75.8%)
10/21 09:17:51 PM | Train: [ 6/50] Final Prec@1 42.8360%
10/21 09:17:51 PM | Valid: [ 6/50] Step 000/390 Loss 2.323 Prec@(1,5) (42.2%, 65.6%)
10/21 09:18:01 PM | Valid: [ 6/50] Step 050/390 Loss 2.261 Prec@(1,5) (40.2%, 72.9%)
10/21 09:18:11 PM | Valid: [ 6/50] Step 100/390 Loss 2.226 Prec@(1,5) (40.6%, 73.7%)
10/21 09:18:20 PM | Valid: [ 6/50] Step 150/390 Loss 2.228 Prec@(1,5) (40.6%, 73.5%)
10/21 09:18:30 PM | Valid: [ 6/50] Step 200/390 Loss 2.225 Prec@(1,5) (40.8%, 73.5%)
10/21 09:18:40 PM | Valid: [ 6/50] Step 250/390 Loss 2.225 Prec@(1,5) (40.9%, 73.6%)
10/21 09:18:49 PM | Valid: [ 6/50] Step 300/390 Loss 2.229 Prec@(1,5) (40.9%, 73.5%)
10/21 09:18:59 PM | Valid: [ 6/50] Step 350/390 Loss 2.230 Prec@(1,5) (40.8%, 73.5%)
10/21 09:19:07 PM | Valid: [ 6/50] Step 390/390 Loss 2.233 Prec@(1,5) (40.8%, 73.4%)
10/21 09:19:07 PM | Valid: [ 6/50] Final Prec@1 40.7760%
10/21 09:19:07 PM | genotype = Genotype(normal=[[('max_pool_3x3', 0), ('sep_conv_3x3', 1)], [('max_pool_3x3', 0), ('sep_conv_5x5', 1)], [('max_pool_3x3', 0), ('sep_conv_5x5', 3)], [('max_pool_3x3', 0), ('sep_conv_5x5', 2)]], normal_concat=range(2, 6), reduce=[[('max_pool_3x3', 0), ('sep_conv_5x5', 1)], [('max_pool_3x3', 0), ('sep_conv_5x5', 2)], [('max_pool_3x3', 0), ('dil_conv_5x5', 2)], [('max_pool_3x3', 0), ('sep_conv_5x5', 3)]], reduce_concat=range(2, 6))
####### ALPHA #######
# Alpha - normal
tensor([[0.1702, 0.1382, 0.1465, 0.1447, 0.1334, 0.1418, 0.1252],
        [0.1331, 0.1163, 0.1557, 0.1473, 0.1403, 0.1384, 0.1690]],
       device='cuda:0', grad_fn=<SoftmaxBackward>)
tensor([[0.1757, 0.1412, 0.1426, 0.1437, 0.1307, 0.1405, 0.1255],
        [0.1390, 0.1230, 0.1516, 0.1519, 0.1416, 0.1340, 0.1589],
        [0.1398, 0.1300, 0.1423, 0.1343, 0.1486, 0.1409, 0.1642]],
       device='cuda:0', grad_fn=<SoftmaxBackward>)
tensor([[0.1657, 0.1324, 0.1477, 0.1491, 0.1355, 0.1371, 0.1325],
        [0.1356, 0.1164, 0.1517, 0.1464, 0.1439, 0.1447, 0.1614],
        [0.1365, 0.1266, 0.1385, 0.1422, 0.1400, 0.1448, 0.1714],
        [0.1245, 0.1164, 0.1509, 0.1532, 0.1464, 0.1429, 0.1656]],
       device='cuda:0', grad_fn=<SoftmaxBackward>)
tensor([[0.1648, 0.1344, 0.1394, 0.1562, 0.1315, 0.1341, 0.1397],
        [0.1339, 0.1202, 0.1417, 0.1548, 0.1412, 0.1489, 0.1594],
        [0.1315, 0.1237, 0.1350, 0.1564, 0.1503, 0.1428, 0.1603],
        [0.1198, 0.1133, 0.1497, 0.1506, 0.1498, 0.1502, 0.1665],
        [0.1200, 0.1158, 0.1482, 0.1525, 0.1399, 0.1544, 0.1692]],
       device='cuda:0', grad_fn=<SoftmaxBackward>)

# Alpha - reduce
tensor([[0.1634, 0.1547, 0.1423, 0.1396, 0.1400, 0.1341, 0.1260],
        [0.1395, 0.1379, 0.1433, 0.1441, 0.1391, 0.1412, 0.1550]],
       device='cuda:0', grad_fn=<SoftmaxBackward>)
tensor([[0.1665, 0.1568, 0.1412, 0.1330, 0.1373, 0.1396, 0.1256],
        [0.1403, 0.1370, 0.1399, 0.1377, 0.1513, 0.1452, 0.1487],
        [0.1348, 0.1259, 0.1417, 0.1561, 0.1475, 0.1504, 0.1435]],
       device='cuda:0', grad_fn=<SoftmaxBackward>)
tensor([[0.1587, 0.1502, 0.1296, 0.1472, 0.1412, 0.1433, 0.1298],
        [0.1442, 0.1393, 0.1419, 0.1388, 0.1419, 0.1469, 0.1471],
        [0.1327, 0.1220, 0.1445, 0.1526, 0.1470, 0.1527, 0.1484],
        [0.1363, 0.1290, 0.1415, 0.1509, 0.1437, 0.1456, 0.1529]],
       device='cuda:0', grad_fn=<SoftmaxBackward>)
tensor([[0.1602, 0.1503, 0.1362, 0.1399, 0.1404, 0.1384, 0.1345],
        [0.1446, 0.1400, 0.1476, 0.1402, 0.1433, 0.1339, 0.1504],
        [0.1336, 0.1226, 0.1448, 0.1500, 0.1491, 0.1493, 0.1507],
        [0.1332, 0.1254, 0.1503, 0.1519, 0.1445, 0.1450, 0.1496],
        [0.1282, 0.1232, 0.1505, 0.1474, 0.1400, 0.1510, 0.1598]],
       device='cuda:0', grad_fn=<SoftmaxBackward>)
#####################

10/21 09:19:12 PM | Train: [ 7/50] Step 000/390 Loss 2.485 Prec@(1,5) (34.4%, 70.3%)
10/21 09:22:37 PM | Train: [ 7/50] Step 050/390 Loss 1.967 Prec@(1,5) (45.8%, 78.5%)
10/21 09:26:03 PM | Train: [ 7/50] Step 100/390 Loss 1.949 Prec@(1,5) (46.1%, 78.7%)
10/21 09:29:28 PM | Train: [ 7/50] Step 150/390 Loss 1.957 Prec@(1,5) (46.0%, 78.7%)
10/21 09:32:51 PM | Train: [ 7/50] Step 200/390 Loss 1.961 Prec@(1,5) (45.9%, 78.6%)
10/21 09:35:55 PM | Train: [ 7/50] Step 250/390 Loss 1.971 Prec@(1,5) (45.6%, 78.5%)
10/21 09:38:54 PM | Train: [ 7/50] Step 300/390 Loss 1.969 Prec@(1,5) (45.9%, 78.5%)
10/21 09:41:53 PM | Train: [ 7/50] Step 350/390 Loss 1.960 Prec@(1,5) (46.1%, 78.6%)
10/21 09:44:16 PM | Train: [ 7/50] Step 390/390 Loss 1.958 Prec@(1,5) (46.2%, 78.6%)
10/21 09:44:16 PM | Train: [ 7/50] Final Prec@1 46.1800%
10/21 09:44:16 PM | Valid: [ 7/50] Step 000/390 Loss 1.834 Prec@(1,5) (56.2%, 81.2%)
10/21 09:44:26 PM | Valid: [ 7/50] Step 050/390 Loss 2.120 Prec@(1,5) (44.9%, 75.3%)
10/21 09:44:35 PM | Valid: [ 7/50] Step 100/390 Loss 2.126 Prec@(1,5) (44.3%, 75.0%)
10/21 09:44:45 PM | Valid: [ 7/50] Step 150/390 Loss 2.126 Prec@(1,5) (44.2%, 75.5%)
10/21 09:44:54 PM | Valid: [ 7/50] Step 200/390 Loss 2.113 Prec@(1,5) (44.4%, 75.7%)
10/21 09:45:04 PM | Valid: [ 7/50] Step 250/390 Loss 2.112 Prec@(1,5) (44.4%, 75.7%)
10/21 09:45:14 PM | Valid: [ 7/50] Step 300/390 Loss 2.108 Prec@(1,5) (44.4%, 75.8%)
10/21 09:45:23 PM | Valid: [ 7/50] Step 350/390 Loss 2.109 Prec@(1,5) (44.5%, 75.7%)
10/21 09:45:31 PM | Valid: [ 7/50] Step 390/390 Loss 2.115 Prec@(1,5) (44.3%, 75.6%)
10/21 09:45:31 PM | Valid: [ 7/50] Final Prec@1 44.3080%
10/21 09:45:31 PM | genotype = Genotype(normal=[[('max_pool_3x3', 0), ('sep_conv_3x3', 1)], [('max_pool_3x3', 0), ('sep_conv_3x3', 1)], [('max_pool_3x3', 0), ('sep_conv_5x5', 3)], [('max_pool_3x3', 0), ('sep_conv_5x5', 2)]], normal_concat=range(2, 6), reduce=[[('max_pool_3x3', 0), ('sep_conv_5x5', 1)], [('max_pool_3x3', 0), ('sep_conv_5x5', 2)], [('max_pool_3x3', 0), ('dil_conv_5x5', 2)], [('max_pool_3x3', 0), ('dil_conv_5x5', 4)]], reduce_concat=range(2, 6))
####### ALPHA #######
# Alpha - normal
tensor([[0.1721, 0.1376, 0.1498, 0.1452, 0.1311, 0.1408, 0.1234],
        [0.1305, 0.1127, 0.1586, 0.1473, 0.1405, 0.1375, 0.1729]],
       device='cuda:0', grad_fn=<SoftmaxBackward>)
tensor([[0.1780, 0.1413, 0.1443, 0.1442, 0.1286, 0.1393, 0.1242],
        [0.1382, 0.1214, 0.1527, 0.1520, 0.1415, 0.1320, 0.1622],
        [0.1365, 0.1274, 0.1423, 0.1341, 0.1497, 0.1394, 0.1706]],
       device='cuda:0', grad_fn=<SoftmaxBackward>)
tensor([[0.1670, 0.1318, 0.1488, 0.1491, 0.1339, 0.1363, 0.1332],
        [0.1340, 0.1139, 0.1532, 0.1455, 0.1412, 0.1458, 0.1664],
        [0.1343, 0.1240, 0.1394, 0.1403, 0.1394, 0.1441, 0.1787],
        [0.1203, 0.1125, 0.1517, 0.1546, 0.1481, 0.1417, 0.1711]],
       device='cuda:0', grad_fn=<SoftmaxBackward>)
tensor([[0.1667, 0.1337, 0.1387, 0.1582, 0.1291, 0.1317, 0.1419],
        [0.1321, 0.1174, 0.1410, 0.1559, 0.1402, 0.1479, 0.1655],
        [0.1281, 0.1200, 0.1322, 0.1586, 0.1505, 0.1418, 0.1689],
        [0.1149, 0.1083, 0.1509, 0.1491, 0.1533, 0.1487, 0.1747],
        [0.1143, 0.1100, 0.1489, 0.1532, 0.1402, 0.1543, 0.1791]],
       device='cuda:0', grad_fn=<SoftmaxBackward>)

# Alpha - reduce
tensor([[0.1651, 0.1567, 0.1408, 0.1396, 0.1392, 0.1333, 0.1253],
        [0.1397, 0.1390, 0.1433, 0.1440, 0.1385, 0.1412, 0.1544]],
       device='cuda:0', grad_fn=<SoftmaxBackward>)
tensor([[0.1688, 0.1594, 0.1413, 0.1319, 0.1357, 0.1385, 0.1244],
        [0.1395, 0.1372, 0.1404, 0.1384, 0.1527, 0.1437, 0.1480],
        [0.1320, 0.1241, 0.1425, 0.1572, 0.1486, 0.1513, 0.1444]],
       device='cuda:0', grad_fn=<SoftmaxBackward>)
tensor([[0.1599, 0.1522, 0.1294, 0.1471, 0.1413, 0.1418, 0.1284],
        [0.1447, 0.1404, 0.1414, 0.1399, 0.1394, 0.1481, 0.1461],
        [0.1302, 0.1202, 0.1455, 0.1548, 0.1446, 0.1549, 0.1497],
        [0.1343, 0.1271, 0.1397, 0.1520, 0.1452, 0.1470, 0.1547]],
       device='cuda:0', grad_fn=<SoftmaxBackward>)
tensor([[0.1631, 0.1536, 0.1342, 0.1390, 0.1406, 0.1366, 0.1329],
        [0.1457, 0.1414, 0.1488, 0.1390, 0.1431, 0.1330, 0.1491],
        [0.1312, 0.1205, 0.1454, 0.1510, 0.1516, 0.1491, 0.1513],
        [0.1324, 0.1241, 0.1516, 0.1525, 0.1425, 0.1455, 0.1515],
        [0.1260, 0.1214, 0.1499, 0.1463, 0.1395, 0.1516, 0.1654]],
       device='cuda:0', grad_fn=<SoftmaxBackward>)
#####################

10/21 09:45:36 PM | Train: [ 8/50] Step 000/390 Loss 2.115 Prec@(1,5) (42.2%, 76.6%)
10/21 09:48:42 PM | Train: [ 8/50] Step 050/390 Loss 1.796 Prec@(1,5) (49.9%, 81.4%)
10/21 09:51:41 PM | Train: [ 8/50] Step 100/390 Loss 1.767 Prec@(1,5) (50.8%, 82.0%)
10/21 09:54:40 PM | Train: [ 8/50] Step 150/390 Loss 1.786 Prec@(1,5) (50.1%, 81.7%)
10/21 09:57:39 PM | Train: [ 8/50] Step 200/390 Loss 1.801 Prec@(1,5) (49.6%, 81.5%)
10/21 10:00:38 PM | Train: [ 8/50] Step 250/390 Loss 1.815 Prec@(1,5) (49.2%, 81.2%)
10/21 10:03:38 PM | Train: [ 8/50] Step 300/390 Loss 1.812 Prec@(1,5) (49.4%, 81.3%)
10/21 10:06:37 PM | Train: [ 8/50] Step 350/390 Loss 1.811 Prec@(1,5) (49.5%, 81.4%)
10/21 10:09:00 PM | Train: [ 8/50] Step 390/390 Loss 1.815 Prec@(1,5) (49.5%, 81.4%)
10/21 10:09:00 PM | Train: [ 8/50] Final Prec@1 49.4840%
10/21 10:09:00 PM | Valid: [ 8/50] Step 000/390 Loss 2.380 Prec@(1,5) (40.6%, 70.3%)
10/21 10:09:10 PM | Valid: [ 8/50] Step 050/390 Loss 2.154 Prec@(1,5) (42.4%, 74.3%)
10/21 10:09:19 PM | Valid: [ 8/50] Step 100/390 Loss 2.141 Prec@(1,5) (43.0%, 75.1%)
10/21 10:09:29 PM | Valid: [ 8/50] Step 150/390 Loss 2.136 Prec@(1,5) (43.3%, 75.2%)
10/21 10:09:38 PM | Valid: [ 8/50] Step 200/390 Loss 2.130 Prec@(1,5) (43.4%, 75.3%)
10/21 10:09:48 PM | Valid: [ 8/50] Step 250/390 Loss 2.114 Prec@(1,5) (43.8%, 75.7%)
10/21 10:09:57 PM | Valid: [ 8/50] Step 300/390 Loss 2.104 Prec@(1,5) (44.0%, 75.9%)
10/21 10:10:07 PM | Valid: [ 8/50] Step 350/390 Loss 2.099 Prec@(1,5) (44.4%, 76.1%)
10/21 10:10:15 PM | Valid: [ 8/50] Step 390/390 Loss 2.097 Prec@(1,5) (44.4%, 76.1%)
10/21 10:10:15 PM | Valid: [ 8/50] Final Prec@1 44.4000%
10/21 10:10:15 PM | genotype = Genotype(normal=[[('max_pool_3x3', 0), ('sep_conv_3x3', 1)], [('max_pool_3x3', 0), ('sep_conv_3x3', 1)], [('max_pool_3x3', 0), ('sep_conv_5x5', 3)], [('max_pool_3x3', 0), ('sep_conv_5x5', 2)]], normal_concat=range(2, 6), reduce=[[('max_pool_3x3', 0), ('sep_conv_3x3', 1)], [('max_pool_3x3', 0), ('sep_conv_5x5', 2)], [('max_pool_3x3', 0), ('sep_conv_5x5', 2)], [('max_pool_3x3', 0), ('sep_conv_5x5', 2)]], reduce_concat=range(2, 6))
####### ALPHA #######
# Alpha - normal
tensor([[0.1724, 0.1376, 0.1515, 0.1462, 0.1313, 0.1397, 0.1214],
        [0.1266, 0.1093, 0.1618, 0.1479, 0.1407, 0.1367, 0.1770]],
       device='cuda:0', grad_fn=<SoftmaxBackward>)
tensor([[0.1793, 0.1419, 0.1452, 0.1448, 0.1275, 0.1380, 0.1233],
        [0.1355, 0.1190, 0.1553, 0.1524, 0.1416, 0.1302, 0.1660],
        [0.1327, 0.1248, 0.1431, 0.1337, 0.1502, 0.1372, 0.1784]],
       device='cuda:0', grad_fn=<SoftmaxBackward>)
tensor([[0.1675, 0.1316, 0.1492, 0.1494, 0.1337, 0.1350, 0.1337],
        [0.1316, 0.1113, 0.1544, 0.1452, 0.1384, 0.1460, 0.1731],
        [0.1309, 0.1206, 0.1391, 0.1400, 0.1392, 0.1437, 0.1866],
        [0.1153, 0.1076, 0.1514, 0.1566, 0.1481, 0.1402, 0.1808]],
       device='cuda:0', grad_fn=<SoftmaxBackward>)
tensor([[0.1670, 0.1331, 0.1392, 0.1587, 0.1274, 0.1306, 0.1440],
        [0.1287, 0.1143, 0.1408, 0.1562, 0.1385, 0.1471, 0.1744],
        [0.1241, 0.1167, 0.1302, 0.1593, 0.1502, 0.1404, 0.1792],
        [0.1085, 0.1025, 0.1514, 0.1487, 0.1564, 0.1492, 0.1834],
        [0.1077, 0.1042, 0.1469, 0.1553, 0.1401, 0.1556, 0.1902]],
       device='cuda:0', grad_fn=<SoftmaxBackward>)

# Alpha - reduce
tensor([[0.1658, 0.1578, 0.1411, 0.1388, 0.1386, 0.1328, 0.1251],
        [0.1404, 0.1391, 0.1442, 0.1435, 0.1393, 0.1405, 0.1530]],
       device='cuda:0', grad_fn=<SoftmaxBackward>)
tensor([[0.1723, 0.1625, 0.1413, 0.1304, 0.1338, 0.1364, 0.1233],
        [0.1401, 0.1374, 0.1400, 0.1379, 0.1540, 0.1434, 0.1472],
        [0.1306, 0.1227, 0.1434, 0.1579, 0.1501, 0.1509, 0.1444]],
       device='cuda:0', grad_fn=<SoftmaxBackward>)
tensor([[0.1621, 0.1545, 0.1288, 0.1462, 0.1399, 0.1406, 0.1278],
        [0.1470, 0.1424, 0.1422, 0.1389, 0.1369, 0.1481, 0.1444],
        [0.1288, 0.1186, 0.1466, 0.1563, 0.1448, 0.1547, 0.1502],
        [0.1323, 0.1251, 0.1393, 0.1541, 0.1452, 0.1473, 0.1567]],
       device='cuda:0', grad_fn=<SoftmaxBackward>)
tensor([[0.1653, 0.1559, 0.1337, 0.1386, 0.1387, 0.1353, 0.1325],
        [0.1482, 0.1439, 0.1477, 0.1391, 0.1415, 0.1322, 0.1474],
        [0.1290, 0.1187, 0.1439, 0.1533, 0.1526, 0.1498, 0.1526],
        [0.1306, 0.1227, 0.1527, 0.1521, 0.1417, 0.1459, 0.1542],
        [0.1236, 0.1192, 0.1519, 0.1461, 0.1384, 0.1513, 0.1696]],
       device='cuda:0', grad_fn=<SoftmaxBackward>)
#####################

10/21 10:10:19 PM | Train: [ 9/50] Step 000/390 Loss 1.471 Prec@(1,5) (54.7%, 87.5%)
10/21 10:13:18 PM | Train: [ 9/50] Step 050/390 Loss 1.679 Prec@(1,5) (52.6%, 83.0%)
10/21 10:16:17 PM | Train: [ 9/50] Step 100/390 Loss 1.679 Prec@(1,5) (52.9%, 83.6%)
10/21 10:19:16 PM | Train: [ 9/50] Step 150/390 Loss 1.697 Prec@(1,5) (52.6%, 83.1%)
10/21 10:22:14 PM | Train: [ 9/50] Step 200/390 Loss 1.695 Prec@(1,5) (52.7%, 83.2%)
10/21 10:25:13 PM | Train: [ 9/50] Step 250/390 Loss 1.702 Prec@(1,5) (52.3%, 83.1%)
10/21 10:28:12 PM | Train: [ 9/50] Step 300/390 Loss 1.707 Prec@(1,5) (52.1%, 83.1%)
10/21 10:31:11 PM | Train: [ 9/50] Step 350/390 Loss 1.706 Prec@(1,5) (52.2%, 83.1%)
10/21 10:33:34 PM | Train: [ 9/50] Step 390/390 Loss 1.710 Prec@(1,5) (52.2%, 83.0%)
10/21 10:33:34 PM | Train: [ 9/50] Final Prec@1 52.1760%
