10/21 06:39:26 PM | 
10/21 06:39:26 PM | Parameters:
10/21 06:39:26 PM | ALPHA_LR=0.0003
10/21 06:39:26 PM | ALPHA_WEIGHT_DECAY=0.001
10/21 06:39:26 PM | AZ=True
10/21 06:39:26 PM | BATCH_SIZE=128
10/21 06:39:26 PM | DATA_PATH=./data/
10/21 06:39:26 PM | DATASET=cifar100
10/21 06:39:26 PM | EPOCHS=100
10/21 06:39:26 PM | GPUS=[2]
10/21 06:39:26 PM | HV_TYPE=0
10/21 06:39:26 PM | INIT_CHANNELS=16
10/21 06:39:26 PM | LAYERS=8
10/21 06:39:26 PM | MULTI_AVG_RANK=0
10/21 06:39:26 PM | MULTI_AVG_SIZE=0
10/21 06:39:26 PM | N_NODES=4
10/21 06:39:26 PM | NAME=cifar100
10/21 06:39:26 PM | OPS_SET=3
10/21 06:39:26 PM | PATH=searchs/cifar100
10/21 06:39:26 PM | PLOT_PATH=searchs/cifar100/plots
10/21 06:39:26 PM | PRINT_FREQ=50
10/21 06:39:26 PM | PROXYLESS=True
10/21 06:39:26 PM | SBP=False
10/21 06:39:26 PM | SEED=2
10/21 06:39:26 PM | SMART_SAMPLE=False
10/21 06:39:26 PM | W_GRAD_CLIP=5.0
10/21 06:39:26 PM | W_LR=0.025
10/21 06:39:26 PM | W_LR_MIN=0.001
10/21 06:39:26 PM | W_MOMENTUM=0.9
10/21 06:39:26 PM | W_WEIGHT_DECAY=0.0003
10/21 06:39:26 PM | WORKERS=4
10/21 06:39:26 PM | 
10/21 06:39:26 PM | Logger is set - training start
####### ALPHA #######
# Alpha - normal
tensor([[0.1429, 0.1428, 0.1428, 0.1427, 0.1430, 0.1428, 0.1429],
        [0.1430, 0.1428, 0.1427, 0.1431, 0.1430, 0.1427, 0.1427]],
       device='cuda:2', grad_fn=<SoftmaxBackward>)
tensor([[0.1430, 0.1426, 0.1428, 0.1432, 0.1427, 0.1429, 0.1427],
        [0.1428, 0.1429, 0.1428, 0.1428, 0.1429, 0.1429, 0.1428],
        [0.1428, 0.1427, 0.1431, 0.1430, 0.1428, 0.1430, 0.1426]],
       device='cuda:2', grad_fn=<SoftmaxBackward>)
tensor([[0.1430, 0.1427, 0.1430, 0.1428, 0.1430, 0.1429, 0.1427],
        [0.1429, 0.1428, 0.1429, 0.1429, 0.1429, 0.1430, 0.1426],
        [0.1428, 0.1430, 0.1428, 0.1428, 0.1429, 0.1426, 0.1431],
        [0.1428, 0.1429, 0.1430, 0.1430, 0.1428, 0.1426, 0.1429]],
       device='cuda:2', grad_fn=<SoftmaxBackward>)
tensor([[0.1429, 0.1432, 0.1429, 0.1429, 0.1426, 0.1427, 0.1428],
        [0.1428, 0.1431, 0.1428, 0.1427, 0.1430, 0.1429, 0.1427],
        [0.1427, 0.1428, 0.1429, 0.1430, 0.1429, 0.1428, 0.1428],
        [0.1430, 0.1429, 0.1426, 0.1430, 0.1430, 0.1427, 0.1428],
        [0.1428, 0.1427, 0.1429, 0.1427, 0.1431, 0.1430, 0.1427]],
       device='cuda:2', grad_fn=<SoftmaxBackward>)

# Alpha - reduce
tensor([[0.1429, 0.1427, 0.1430, 0.1428, 0.1429, 0.1428, 0.1429],
        [0.1427, 0.1430, 0.1427, 0.1428, 0.1430, 0.1429, 0.1429]],
       device='cuda:2', grad_fn=<SoftmaxBackward>)
tensor([[0.1427, 0.1431, 0.1428, 0.1428, 0.1428, 0.1429, 0.1429],
        [0.1428, 0.1429, 0.1427, 0.1429, 0.1430, 0.1429, 0.1428],
        [0.1427, 0.1427, 0.1431, 0.1430, 0.1426, 0.1429, 0.1429]],
       device='cuda:2', grad_fn=<SoftmaxBackward>)
tensor([[0.1429, 0.1428, 0.1429, 0.1429, 0.1428, 0.1428, 0.1430],
        [0.1428, 0.1428, 0.1427, 0.1429, 0.1430, 0.1429, 0.1428],
        [0.1427, 0.1429, 0.1430, 0.1428, 0.1427, 0.1428, 0.1430],
        [0.1428, 0.1428, 0.1431, 0.1430, 0.1427, 0.1427, 0.1429]],
       device='cuda:2', grad_fn=<SoftmaxBackward>)
tensor([[0.1427, 0.1427, 0.1430, 0.1429, 0.1428, 0.1429, 0.1430],
        [0.1429, 0.1430, 0.1429, 0.1426, 0.1427, 0.1429, 0.1429],
        [0.1429, 0.1427, 0.1428, 0.1430, 0.1430, 0.1429, 0.1427],
        [0.1430, 0.1428, 0.1429, 0.1429, 0.1427, 0.1428, 0.1429],
        [0.1425, 0.1432, 0.1428, 0.1430, 0.1431, 0.1426, 0.1428]],
       device='cuda:2', grad_fn=<SoftmaxBackward>)
#####################
Files already downloaded and verified
10/21 06:39:34 PM | Train: [ 1/100] Step 000/195 Loss 4.593 Prec@(1,5) (0.8%, 3.1%)
10/21 06:40:31 PM | Train: [ 1/100] Step 050/195 Loss 4.603 Prec@(1,5) (1.5%, 6.4%)
10/21 06:41:29 PM | Train: [ 1/100] Step 100/195 Loss 4.568 Prec@(1,5) (1.6%, 7.6%)
10/21 06:42:28 PM | Train: [ 1/100] Step 150/195 Loss 4.535 Prec@(1,5) (1.8%, 8.7%)
10/21 06:43:21 PM | Train: [ 1/100] Step 195/195 Loss 4.512 Prec@(1,5) (2.0%, 9.5%)
10/21 06:43:22 PM | Train: [ 1/100] Final Prec@1 2.0040%
10/21 06:43:22 PM | Valid: [ 1/100] Step 000/195 Loss 4.492 Prec@(1,5) (2.3%, 7.0%)
10/21 06:43:31 PM | Valid: [ 1/100] Step 050/195 Loss 4.520 Prec@(1,5) (2.5%, 10.4%)
10/21 06:43:39 PM | Valid: [ 1/100] Step 100/195 Loss 4.524 Prec@(1,5) (2.3%, 9.9%)
10/21 06:43:48 PM | Valid: [ 1/100] Step 150/195 Loss 4.520 Prec@(1,5) (2.2%, 10.0%)
10/21 06:43:56 PM | Valid: [ 1/100] Step 195/195 Loss 4.519 Prec@(1,5) (2.2%, 10.0%)
10/21 06:43:56 PM | Valid: [ 1/100] Final Prec@1 2.2200%
10/21 06:43:56 PM | genotype = Genotype(normal=[[('sep_conv_3x3', 0), ('sep_conv_5x5', 1)], [('max_pool_3x3', 0), ('sep_conv_5x5', 2)], [('max_pool_3x3', 0), ('sep_conv_5x5', 3)], [('max_pool_3x3', 0), ('dil_conv_3x3', 1)]], normal_concat=range(2, 6), reduce=[[('sep_conv_3x3', 0), ('avg_pool_3x3', 1)], [('max_pool_3x3', 1), ('sep_conv_3x3', 2)], [('avg_pool_3x3', 0), ('max_pool_3x3', 1)], [('sep_conv_5x5', 3), ('dil_conv_5x5', 0)]], reduce_concat=range(2, 6))
####### ALPHA #######
# Alpha - normal
tensor([[0.1418, 0.1428, 0.1440, 0.1419, 0.1438, 0.1428, 0.1429],
        [0.1427, 0.1412, 0.1427, 0.1435, 0.1426, 0.1422, 0.1452]],
       device='cuda:2', grad_fn=<SoftmaxBackward>)
tensor([[0.1436, 0.1418, 0.1429, 0.1428, 0.1427, 0.1433, 0.1429],
        [0.1425, 0.1424, 0.1421, 0.1430, 0.1426, 0.1429, 0.1445],
        [0.1403, 0.1423, 0.1428, 0.1431, 0.1429, 0.1423, 0.1463]],
       device='cuda:2', grad_fn=<SoftmaxBackward>)
tensor([[0.1444, 0.1425, 0.1438, 0.1424, 0.1426, 0.1422, 0.1422],
        [0.1413, 0.1423, 0.1434, 0.1432, 0.1432, 0.1427, 0.1439],
        [0.1422, 0.1414, 0.1436, 0.1413, 0.1427, 0.1434, 0.1453],
        [0.1418, 0.1418, 0.1424, 0.1438, 0.1421, 0.1431, 0.1450]],
       device='cuda:2', grad_fn=<SoftmaxBackward>)
tensor([[0.1444, 0.1426, 0.1428, 0.1431, 0.1429, 0.1422, 0.1421],
        [0.1423, 0.1417, 0.1428, 0.1426, 0.1438, 0.1418, 0.1450],
        [0.1418, 0.1424, 0.1427, 0.1430, 0.1429, 0.1420, 0.1452],
        [0.1418, 0.1416, 0.1432, 0.1422, 0.1436, 0.1421, 0.1456],
        [0.1408, 0.1429, 0.1422, 0.1424, 0.1433, 0.1430, 0.1454]],
       device='cuda:2', grad_fn=<SoftmaxBackward>)

# Alpha - reduce
tensor([[0.1433, 0.1421, 0.1436, 0.1435, 0.1422, 0.1432, 0.1421],
        [0.1426, 0.1433, 0.1431, 0.1429, 0.1420, 0.1423, 0.1436]],
       device='cuda:2', grad_fn=<SoftmaxBackward>)
tensor([[0.1429, 0.1432, 0.1433, 0.1434, 0.1426, 0.1427, 0.1420],
        [0.1437, 0.1432, 0.1424, 0.1421, 0.1429, 0.1429, 0.1427],
        [0.1429, 0.1417, 0.1436, 0.1427, 0.1423, 0.1420, 0.1447]],
       device='cuda:2', grad_fn=<SoftmaxBackward>)
tensor([[0.1435, 0.1444, 0.1420, 0.1436, 0.1433, 0.1417, 0.1415],
        [0.1441, 0.1438, 0.1422, 0.1413, 0.1432, 0.1429, 0.1426],
        [0.1425, 0.1441, 0.1414, 0.1439, 0.1430, 0.1422, 0.1429],
        [0.1433, 0.1423, 0.1432, 0.1418, 0.1436, 0.1422, 0.1437]],
       device='cuda:2', grad_fn=<SoftmaxBackward>)
tensor([[0.1425, 0.1430, 0.1425, 0.1432, 0.1436, 0.1437, 0.1415],
        [0.1435, 0.1430, 0.1424, 0.1427, 0.1429, 0.1421, 0.1435],
        [0.1428, 0.1421, 0.1433, 0.1431, 0.1429, 0.1428, 0.1430],
        [0.1427, 0.1432, 0.1424, 0.1439, 0.1424, 0.1412, 0.1441],
        [0.1421, 0.1425, 0.1437, 0.1434, 0.1432, 0.1421, 0.1430]],
       device='cuda:2', grad_fn=<SoftmaxBackward>)
#####################

10/21 06:43:58 PM | Train: [ 2/100] Step 000/195 Loss 4.328 Prec@(1,5) (3.9%, 14.1%)
10/21 06:44:58 PM | Train: [ 2/100] Step 050/195 Loss 4.361 Prec@(1,5) (3.6%, 15.0%)
10/21 06:45:58 PM | Train: [ 2/100] Step 100/195 Loss 4.347 Prec@(1,5) (3.6%, 15.4%)
10/21 06:46:57 PM | Train: [ 2/100] Step 150/195 Loss 4.323 Prec@(1,5) (3.8%, 16.2%)
10/21 06:47:50 PM | Train: [ 2/100] Step 195/195 Loss 4.306 Prec@(1,5) (4.0%, 16.8%)
10/21 06:47:50 PM | Train: [ 2/100] Final Prec@1 3.9920%
10/21 06:47:51 PM | Valid: [ 2/100] Step 000/195 Loss 4.228 Prec@(1,5) (3.9%, 20.3%)
10/21 06:47:59 PM | Valid: [ 2/100] Step 050/195 Loss 4.286 Prec@(1,5) (4.3%, 17.6%)
10/21 06:48:07 PM | Valid: [ 2/100] Step 100/195 Loss 4.289 Prec@(1,5) (4.1%, 17.4%)
10/21 06:48:16 PM | Valid: [ 2/100] Step 150/195 Loss 4.293 Prec@(1,5) (4.0%, 17.5%)
10/21 06:48:23 PM | Valid: [ 2/100] Step 195/195 Loss 4.298 Prec@(1,5) (3.9%, 17.5%)
10/21 06:48:23 PM | Valid: [ 2/100] Final Prec@1 3.8920%
10/21 06:48:23 PM | genotype = Genotype(normal=[[('dil_conv_3x3', 0), ('sep_conv_5x5', 1)], [('max_pool_3x3', 0), ('sep_conv_5x5', 2)], [('max_pool_3x3', 0), ('sep_conv_3x3', 2)], [('max_pool_3x3', 0), ('sep_conv_5x5', 2)]], normal_concat=range(2, 6), reduce=[[('sep_conv_3x3', 0), ('avg_pool_3x3', 1)], [('max_pool_3x3', 1), ('avg_pool_3x3', 0)], [('max_pool_3x3', 0), ('max_pool_3x3', 1)], [('avg_pool_3x3', 0), ('sep_conv_5x5', 3)]], reduce_concat=range(2, 6))
####### ALPHA #######
# Alpha - normal
tensor([[0.1424, 0.1440, 0.1430, 0.1415, 0.1443, 0.1438, 0.1410],
        [0.1415, 0.1395, 0.1435, 0.1438, 0.1425, 0.1418, 0.1475]],
       device='cuda:2', grad_fn=<SoftmaxBackward>)
tensor([[0.1445, 0.1429, 0.1425, 0.1427, 0.1421, 0.1440, 0.1413],
        [0.1423, 0.1411, 0.1415, 0.1433, 0.1422, 0.1433, 0.1463],
        [0.1395, 0.1400, 0.1432, 0.1435, 0.1427, 0.1415, 0.1496]],
       device='cuda:2', grad_fn=<SoftmaxBackward>)
tensor([[0.1463, 0.1430, 0.1442, 0.1418, 0.1423, 0.1412, 0.1412],
        [0.1422, 0.1408, 0.1433, 0.1439, 0.1435, 0.1425, 0.1439],
        [0.1412, 0.1386, 0.1440, 0.1407, 0.1429, 0.1431, 0.1494],
        [0.1406, 0.1394, 0.1422, 0.1439, 0.1419, 0.1432, 0.1487]],
       device='cuda:2', grad_fn=<SoftmaxBackward>)
tensor([[0.1475, 0.1441, 0.1415, 0.1423, 0.1429, 0.1421, 0.1397],
        [0.1423, 0.1413, 0.1427, 0.1424, 0.1435, 0.1403, 0.1475],
        [0.1407, 0.1423, 0.1413, 0.1446, 0.1422, 0.1410, 0.1480],
        [0.1399, 0.1390, 0.1426, 0.1424, 0.1436, 0.1426, 0.1500],
        [0.1397, 0.1414, 0.1419, 0.1419, 0.1427, 0.1438, 0.1485]],
       device='cuda:2', grad_fn=<SoftmaxBackward>)

# Alpha - reduce
tensor([[0.1434, 0.1433, 0.1442, 0.1435, 0.1419, 0.1427, 0.1410],
        [0.1429, 0.1439, 0.1427, 0.1428, 0.1421, 0.1420, 0.1436]],
       device='cuda:2', grad_fn=<SoftmaxBackward>)
tensor([[0.1444, 0.1451, 0.1433, 0.1427, 0.1422, 0.1422, 0.1400],
        [0.1454, 0.1434, 0.1422, 0.1415, 0.1433, 0.1421, 0.1422],
        [0.1421, 0.1413, 0.1431, 0.1433, 0.1411, 0.1419, 0.1471]],
       device='cuda:2', grad_fn=<SoftmaxBackward>)
tensor([[0.1461, 0.1456, 0.1416, 0.1425, 0.1430, 0.1419, 0.1394],
        [0.1461, 0.1436, 0.1419, 0.1401, 0.1432, 0.1427, 0.1423],
        [0.1426, 0.1421, 0.1414, 0.1445, 0.1431, 0.1421, 0.1442],
        [0.1442, 0.1407, 0.1427, 0.1419, 0.1427, 0.1419, 0.1459]],
       device='cuda:2', grad_fn=<SoftmaxBackward>)
tensor([[0.1448, 0.1451, 0.1421, 0.1433, 0.1430, 0.1431, 0.1386],
        [0.1445, 0.1435, 0.1421, 0.1419, 0.1427, 0.1419, 0.1434],
        [0.1432, 0.1414, 0.1429, 0.1420, 0.1437, 0.1424, 0.1445],
        [0.1419, 0.1432, 0.1423, 0.1446, 0.1414, 0.1407, 0.1459],
        [0.1419, 0.1429, 0.1429, 0.1426, 0.1425, 0.1419, 0.1453]],
       device='cuda:2', grad_fn=<SoftmaxBackward>)
#####################

10/21 06:48:25 PM | Train: [ 3/100] Step 000/195 Loss 4.163 Prec@(1,5) (7.0%, 22.7%)
10/21 06:49:24 PM | Train: [ 3/100] Step 050/195 Loss 4.196 Prec@(1,5) (4.9%, 20.5%)
10/21 06:50:21 PM | Train: [ 3/100] Step 100/195 Loss 4.182 Prec@(1,5) (5.4%, 20.9%)
10/21 06:51:19 PM | Train: [ 3/100] Step 150/195 Loss 4.164 Prec@(1,5) (5.5%, 21.3%)
10/21 06:52:12 PM | Train: [ 3/100] Step 195/195 Loss 4.158 Prec@(1,5) (5.6%, 21.7%)
10/21 06:52:12 PM | Train: [ 3/100] Final Prec@1 5.6440%
10/21 06:52:12 PM | Valid: [ 3/100] Step 000/195 Loss 4.415 Prec@(1,5) (3.1%, 9.4%)
10/21 06:52:21 PM | Valid: [ 3/100] Step 050/195 Loss 4.431 Prec@(1,5) (2.9%, 11.8%)
10/21 06:52:30 PM | Valid: [ 3/100] Step 100/195 Loss 4.427 Prec@(1,5) (3.1%, 12.2%)
10/21 06:52:39 PM | Valid: [ 3/100] Step 150/195 Loss 4.429 Prec@(1,5) (3.0%, 12.1%)
10/21 06:52:47 PM | Valid: [ 3/100] Step 195/195 Loss 4.429 Prec@(1,5) (3.0%, 12.1%)
10/21 06:52:47 PM | Valid: [ 3/100] Final Prec@1 2.9680%
10/21 06:52:47 PM | genotype = Genotype(normal=[[('dil_conv_3x3', 0), ('sep_conv_3x3', 1)], [('max_pool_3x3', 0), ('dil_conv_5x5', 1)], [('max_pool_3x3', 0), ('sep_conv_3x3', 2)], [('max_pool_3x3', 0), ('sep_conv_5x5', 2)]], normal_concat=range(2, 6), reduce=[[('avg_pool_3x3', 0), ('max_pool_3x3', 1)], [('avg_pool_3x3', 0), ('max_pool_3x3', 1)], [('max_pool_3x3', 0), ('max_pool_3x3', 1)], [('max_pool_3x3', 0), ('max_pool_3x3', 1)]], reduce_concat=range(2, 6))
####### ALPHA #######
# Alpha - normal
tensor([[0.1430, 0.1446, 0.1424, 0.1413, 0.1448, 0.1444, 0.1394],
        [0.1413, 0.1383, 0.1441, 0.1435, 0.1419, 0.1421, 0.1490]],
       device='cuda:2', grad_fn=<SoftmaxBackward>)
tensor([[0.1470, 0.1431, 0.1434, 0.1428, 0.1414, 0.1434, 0.1390],
        [0.1424, 0.1400, 0.1403, 0.1431, 0.1424, 0.1446, 0.1471],
        [0.1386, 0.1383, 0.1438, 0.1437, 0.1420, 0.1409, 0.1528]],
       device='cuda:2', grad_fn=<SoftmaxBackward>)
tensor([[0.1470, 0.1435, 0.1446, 0.1418, 0.1424, 0.1409, 0.1397],
        [0.1424, 0.1404, 0.1435, 0.1438, 0.1431, 0.1414, 0.1455],
        [0.1401, 0.1371, 0.1440, 0.1400, 0.1435, 0.1424, 0.1528],
        [0.1393, 0.1371, 0.1421, 0.1434, 0.1415, 0.1430, 0.1536]],
       device='cuda:2', grad_fn=<SoftmaxBackward>)
tensor([[0.1494, 0.1445, 0.1409, 0.1423, 0.1431, 0.1411, 0.1386],
        [0.1446, 0.1413, 0.1423, 0.1417, 0.1431, 0.1398, 0.1470],
        [0.1411, 0.1417, 0.1401, 0.1450, 0.1415, 0.1399, 0.1506],
        [0.1382, 0.1378, 0.1420, 0.1418, 0.1429, 0.1432, 0.1541],
        [0.1388, 0.1395, 0.1414, 0.1414, 0.1426, 0.1430, 0.1534]],
       device='cuda:2', grad_fn=<SoftmaxBackward>)

# Alpha - reduce
tensor([[0.1443, 0.1449, 0.1449, 0.1423, 0.1417, 0.1420, 0.1399],
        [0.1436, 0.1430, 0.1426, 0.1426, 0.1417, 0.1422, 0.1444]],
       device='cuda:2', grad_fn=<SoftmaxBackward>)
tensor([[0.1460, 0.1460, 0.1439, 0.1422, 0.1425, 0.1420, 0.1372],
        [0.1457, 0.1432, 0.1416, 0.1413, 0.1434, 0.1415, 0.1433],
        [0.1418, 0.1399, 0.1423, 0.1430, 0.1414, 0.1424, 0.1492]],
       device='cuda:2', grad_fn=<SoftmaxBackward>)
tensor([[0.1490, 0.1469, 0.1430, 0.1413, 0.1423, 0.1404, 0.1370],
        [0.1472, 0.1431, 0.1413, 0.1401, 0.1425, 0.1429, 0.1428],
        [0.1427, 0.1413, 0.1421, 0.1450, 0.1434, 0.1403, 0.1453],
        [0.1440, 0.1399, 0.1424, 0.1424, 0.1421, 0.1414, 0.1478]],
       device='cuda:2', grad_fn=<SoftmaxBackward>)
tensor([[0.1468, 0.1448, 0.1425, 0.1432, 0.1435, 0.1425, 0.1367],
        [0.1462, 0.1437, 0.1413, 0.1419, 0.1420, 0.1417, 0.1433],
        [0.1440, 0.1411, 0.1425, 0.1407, 0.1443, 0.1423, 0.1451],
        [0.1423, 0.1418, 0.1417, 0.1444, 0.1415, 0.1405, 0.1479],
        [0.1427, 0.1431, 0.1423, 0.1424, 0.1418, 0.1413, 0.1464]],
       device='cuda:2', grad_fn=<SoftmaxBackward>)
#####################

10/21 06:52:49 PM | Train: [ 4/100] Step 000/195 Loss 4.062 Prec@(1,5) (3.1%, 19.5%)
10/21 06:53:47 PM | Train: [ 4/100] Step 050/195 Loss 4.047 Prec@(1,5) (7.1%, 24.9%)
10/21 06:54:45 PM | Train: [ 4/100] Step 100/195 Loss 4.040 Prec@(1,5) (7.1%, 25.5%)
10/21 06:55:42 PM | Train: [ 4/100] Step 150/195 Loss 4.019 Prec@(1,5) (7.4%, 26.0%)
10/21 06:56:35 PM | Train: [ 4/100] Step 195/195 Loss 4.020 Prec@(1,5) (7.3%, 26.0%)
10/21 06:56:36 PM | Train: [ 4/100] Final Prec@1 7.3400%
10/21 06:56:36 PM | Valid: [ 4/100] Step 000/195 Loss 4.539 Prec@(1,5) (6.2%, 24.2%)
10/21 06:56:45 PM | Valid: [ 4/100] Step 050/195 Loss 4.575 Prec@(1,5) (7.6%, 25.9%)
10/21 06:56:53 PM | Valid: [ 4/100] Step 100/195 Loss 4.581 Prec@(1,5) (7.7%, 25.7%)
10/21 06:57:02 PM | Valid: [ 4/100] Step 150/195 Loss 4.573 Prec@(1,5) (7.8%, 26.1%)
10/21 06:57:09 PM | Valid: [ 4/100] Step 195/195 Loss 4.564 Prec@(1,5) (7.9%, 26.2%)
10/21 06:57:09 PM | Valid: [ 4/100] Final Prec@1 7.8640%
10/21 06:57:09 PM | genotype = Genotype(normal=[[('avg_pool_3x3', 0), ('sep_conv_3x3', 1)], [('max_pool_3x3', 0), ('dil_conv_5x5', 1)], [('max_pool_3x3', 0), ('sep_conv_5x5', 1)], [('max_pool_3x3', 0), ('max_pool_3x3', 1)]], normal_concat=range(2, 6), reduce=[[('max_pool_3x3', 0), ('max_pool_3x3', 1)], [('max_pool_3x3', 0), ('max_pool_3x3', 1)], [('max_pool_3x3', 0), ('max_pool_3x3', 1)], [('max_pool_3x3', 0), ('max_pool_3x3', 1)]], reduce_concat=range(2, 6))
####### ALPHA #######
# Alpha - normal
tensor([[0.1441, 0.1449, 0.1425, 0.1413, 0.1447, 0.1447, 0.1378],
        [0.1412, 0.1373, 0.1443, 0.1429, 0.1415, 0.1423, 0.1506]],
       device='cuda:2', grad_fn=<SoftmaxBackward>)
tensor([[0.1483, 0.1427, 0.1435, 0.1427, 0.1419, 0.1434, 0.1375],
        [0.1428, 0.1389, 0.1403, 0.1428, 0.1421, 0.1453, 0.1478],
        [0.1372, 0.1364, 0.1427, 0.1438, 0.1419, 0.1406, 0.1575]],
       device='cuda:2', grad_fn=<SoftmaxBackward>)
tensor([[0.1498, 0.1445, 0.1447, 0.1413, 0.1423, 0.1404, 0.1370],
        [0.1429, 0.1391, 0.1438, 0.1441, 0.1420, 0.1416, 0.1465],
        [0.1396, 0.1352, 0.1427, 0.1401, 0.1434, 0.1415, 0.1574],
        [0.1380, 0.1353, 0.1416, 0.1442, 0.1409, 0.1425, 0.1575]],
       device='cuda:2', grad_fn=<SoftmaxBackward>)
tensor([[0.1521, 0.1444, 0.1403, 0.1420, 0.1421, 0.1417, 0.1375],
        [0.1457, 0.1410, 0.1419, 0.1413, 0.1429, 0.1393, 0.1479],
        [0.1405, 0.1405, 0.1394, 0.1449, 0.1411, 0.1396, 0.1540],
        [0.1368, 0.1363, 0.1416, 0.1409, 0.1423, 0.1432, 0.1588],
        [0.1373, 0.1381, 0.1411, 0.1408, 0.1425, 0.1424, 0.1577]],
       device='cuda:2', grad_fn=<SoftmaxBackward>)

# Alpha - reduce
tensor([[0.1459, 0.1439, 0.1452, 0.1424, 0.1416, 0.1428, 0.1382],
        [0.1443, 0.1427, 0.1421, 0.1417, 0.1412, 0.1421, 0.1458]],
       device='cuda:2', grad_fn=<SoftmaxBackward>)
tensor([[0.1482, 0.1464, 0.1435, 0.1413, 0.1426, 0.1426, 0.1353],
        [0.1462, 0.1426, 0.1411, 0.1416, 0.1431, 0.1416, 0.1438],
        [0.1419, 0.1387, 0.1423, 0.1439, 0.1405, 0.1423, 0.1504]],
       device='cuda:2', grad_fn=<SoftmaxBackward>)
tensor([[0.1508, 0.1482, 0.1425, 0.1413, 0.1419, 0.1401, 0.1353],
        [0.1492, 0.1439, 0.1405, 0.1405, 0.1412, 0.1422, 0.1425],
        [0.1428, 0.1410, 0.1423, 0.1453, 0.1425, 0.1393, 0.1468],
        [0.1436, 0.1387, 0.1424, 0.1430, 0.1419, 0.1403, 0.1501]],
       device='cuda:2', grad_fn=<SoftmaxBackward>)
tensor([[0.1485, 0.1448, 0.1427, 0.1437, 0.1429, 0.1431, 0.1344],
        [0.1483, 0.1432, 0.1410, 0.1413, 0.1419, 0.1416, 0.1427],
        [0.1452, 0.1402, 0.1426, 0.1405, 0.1438, 0.1421, 0.1455],
        [0.1424, 0.1411, 0.1409, 0.1443, 0.1410, 0.1402, 0.1500],
        [0.1432, 0.1411, 0.1417, 0.1431, 0.1421, 0.1404, 0.1484]],
       device='cuda:2', grad_fn=<SoftmaxBackward>)
#####################

10/21 06:57:11 PM | Train: [ 5/100] Step 000/195 Loss 3.866 Prec@(1,5) (7.8%, 28.9%)
10/21 06:58:09 PM | Train: [ 5/100] Step 050/195 Loss 3.946 Prec@(1,5) (7.6%, 27.8%)
10/21 06:59:06 PM | Train: [ 5/100] Step 100/195 Loss 3.953 Prec@(1,5) (8.0%, 28.2%)
10/21 07:00:05 PM | Train: [ 5/100] Step 150/195 Loss 3.951 Prec@(1,5) (8.2%, 28.4%)
10/21 07:00:57 PM | Train: [ 5/100] Step 195/195 Loss 3.938 Prec@(1,5) (8.2%, 28.9%)
10/21 07:00:57 PM | Train: [ 5/100] Final Prec@1 8.2080%
10/21 07:00:57 PM | Valid: [ 5/100] Step 000/195 Loss 4.128 Prec@(1,5) (6.2%, 30.5%)
10/21 07:01:05 PM | Valid: [ 5/100] Step 050/195 Loss 4.168 Prec@(1,5) (8.6%, 31.4%)
10/21 07:01:13 PM | Valid: [ 5/100] Step 100/195 Loss 4.182 Prec@(1,5) (8.6%, 30.8%)
10/21 07:01:22 PM | Valid: [ 5/100] Step 150/195 Loss 4.196 Prec@(1,5) (8.6%, 30.4%)
10/21 07:01:29 PM | Valid: [ 5/100] Step 195/195 Loss 4.196 Prec@(1,5) (8.6%, 30.3%)
10/21 07:01:29 PM | Valid: [ 5/100] Final Prec@1 8.5640%
10/21 07:01:29 PM | genotype = Genotype(normal=[[('dil_conv_5x5', 0), ('sep_conv_3x3', 1)], [('max_pool_3x3', 0), ('dil_conv_5x5', 1)], [('max_pool_3x3', 0), ('sep_conv_5x5', 1)], [('max_pool_3x3', 0), ('max_pool_3x3', 1)]], normal_concat=range(2, 6), reduce=[[('max_pool_3x3', 0), ('max_pool_3x3', 1)], [('max_pool_3x3', 0), ('max_pool_3x3', 1)], [('max_pool_3x3', 0), ('max_pool_3x3', 1)], [('max_pool_3x3', 0), ('max_pool_3x3', 1)]], reduce_concat=range(2, 6))
####### ALPHA #######
# Alpha - normal
tensor([[0.1449, 0.1445, 0.1424, 0.1421, 0.1448, 0.1454, 0.1359],
        [0.1400, 0.1362, 0.1443, 0.1426, 0.1421, 0.1419, 0.1530]],
       device='cuda:2', grad_fn=<SoftmaxBackward>)
tensor([[0.1495, 0.1421, 0.1438, 0.1428, 0.1411, 0.1443, 0.1363],
        [0.1424, 0.1377, 0.1395, 0.1430, 0.1418, 0.1463, 0.1493],
        [0.1361, 0.1348, 0.1427, 0.1423, 0.1417, 0.1404, 0.1619]],
       device='cuda:2', grad_fn=<SoftmaxBackward>)
tensor([[0.1514, 0.1440, 0.1454, 0.1406, 0.1428, 0.1403, 0.1354],
        [0.1432, 0.1390, 0.1434, 0.1437, 0.1417, 0.1416, 0.1474],
        [0.1387, 0.1335, 0.1420, 0.1391, 0.1431, 0.1417, 0.1620],
        [0.1363, 0.1340, 0.1409, 0.1443, 0.1402, 0.1419, 0.1624]],
       device='cuda:2', grad_fn=<SoftmaxBackward>)
tensor([[0.1537, 0.1442, 0.1411, 0.1410, 0.1418, 0.1416, 0.1366],
        [0.1469, 0.1399, 0.1412, 0.1417, 0.1420, 0.1393, 0.1490],
        [0.1401, 0.1387, 0.1388, 0.1446, 0.1402, 0.1396, 0.1579],
        [0.1351, 0.1338, 0.1412, 0.1413, 0.1415, 0.1428, 0.1643],
        [0.1360, 0.1358, 0.1409, 0.1408, 0.1408, 0.1419, 0.1638]],
       device='cuda:2', grad_fn=<SoftmaxBackward>)

# Alpha - reduce
tensor([[0.1473, 0.1447, 0.1448, 0.1428, 0.1417, 0.1424, 0.1363],
        [0.1447, 0.1415, 0.1422, 0.1416, 0.1407, 0.1420, 0.1474]],
       device='cuda:2', grad_fn=<SoftmaxBackward>)
tensor([[0.1501, 0.1472, 0.1433, 0.1407, 0.1426, 0.1429, 0.1333],
        [0.1460, 0.1416, 0.1402, 0.1415, 0.1443, 0.1423, 0.1442],
        [0.1419, 0.1377, 0.1414, 0.1436, 0.1408, 0.1423, 0.1522]],
       device='cuda:2', grad_fn=<SoftmaxBackward>)
tensor([[0.1530, 0.1499, 0.1417, 0.1406, 0.1427, 0.1394, 0.1327],
        [0.1504, 0.1449, 0.1404, 0.1405, 0.1408, 0.1415, 0.1414],
        [0.1431, 0.1416, 0.1425, 0.1446, 0.1410, 0.1384, 0.1487],
        [0.1435, 0.1374, 0.1429, 0.1426, 0.1409, 0.1393, 0.1534]],
       device='cuda:2', grad_fn=<SoftmaxBackward>)
tensor([[0.1518, 0.1462, 0.1429, 0.1428, 0.1425, 0.1430, 0.1309],
        [0.1507, 0.1423, 0.1412, 0.1402, 0.1411, 0.1405, 0.1440],
        [0.1474, 0.1397, 0.1428, 0.1401, 0.1429, 0.1416, 0.1455],
        [0.1433, 0.1395, 0.1407, 0.1448, 0.1397, 0.1392, 0.1527],
        [0.1439, 0.1396, 0.1410, 0.1436, 0.1413, 0.1397, 0.1509]],
       device='cuda:2', grad_fn=<SoftmaxBackward>)
#####################

10/21 07:01:31 PM | Train: [ 6/100] Step 000/195 Loss 4.056 Prec@(1,5) (6.2%, 25.8%)
10/21 07:02:27 PM | Train: [ 6/100] Step 050/195 Loss 3.903 Prec@(1,5) (9.5%, 30.1%)
10/21 07:03:19 PM | Train: [ 6/100] Step 100/195 Loss 3.902 Prec@(1,5) (9.3%, 30.0%)
10/21 07:04:12 PM | Train: [ 6/100] Step 150/195 Loss 3.891 Prec@(1,5) (9.3%, 30.4%)
10/21 07:05:00 PM | Train: [ 6/100] Step 195/195 Loss 3.877 Prec@(1,5) (9.4%, 30.7%)
10/21 07:05:00 PM | Train: [ 6/100] Final Prec@1 9.3800%
10/21 07:05:00 PM | Valid: [ 6/100] Step 000/195 Loss 10.724 Prec@(1,5) (4.7%, 18.0%)
10/21 07:05:09 PM | Valid: [ 6/100] Step 050/195 Loss 9.663 Prec@(1,5) (5.8%, 22.0%)
10/21 07:05:18 PM | Valid: [ 6/100] Step 100/195 Loss 9.687 Prec@(1,5) (6.0%, 22.0%)
10/21 07:05:26 PM | Valid: [ 6/100] Step 150/195 Loss 9.732 Prec@(1,5) (5.9%, 21.8%)
10/21 07:05:34 PM | Valid: [ 6/100] Step 195/195 Loss 9.748 Prec@(1,5) (5.9%, 21.7%)
10/21 07:05:34 PM | Valid: [ 6/100] Final Prec@1 5.8520%
10/21 07:05:34 PM | genotype = Genotype(normal=[[('dil_conv_5x5', 0), ('sep_conv_3x3', 1)], [('max_pool_3x3', 0), ('dil_conv_5x5', 1)], [('max_pool_3x3', 0), ('sep_conv_3x3', 1)], [('max_pool_3x3', 0), ('max_pool_3x3', 1)]], normal_concat=range(2, 6), reduce=[[('max_pool_3x3', 0), ('max_pool_3x3', 1)], [('max_pool_3x3', 0), ('max_pool_3x3', 1)], [('max_pool_3x3', 0), ('max_pool_3x3', 1)], [('max_pool_3x3', 0), ('max_pool_3x3', 1)]], reduce_concat=range(2, 6))
####### ALPHA #######
# Alpha - normal
tensor([[0.1451, 0.1439, 0.1425, 0.1418, 0.1459, 0.1462, 0.1347],
        [0.1394, 0.1360, 0.1436, 0.1436, 0.1414, 0.1425, 0.1534]],
       device='cuda:2', grad_fn=<SoftmaxBackward>)
tensor([[0.1507, 0.1416, 0.1452, 0.1427, 0.1412, 0.1450, 0.1337],
        [0.1420, 0.1370, 0.1390, 0.1427, 0.1422, 0.1468, 0.1504],
        [0.1347, 0.1333, 0.1416, 0.1424, 0.1417, 0.1402, 0.1661]],
       device='cuda:2', grad_fn=<SoftmaxBackward>)
tensor([[0.1536, 0.1432, 0.1455, 0.1412, 0.1421, 0.1402, 0.1342],
        [0.1435, 0.1389, 0.1446, 0.1441, 0.1402, 0.1418, 0.1468],
        [0.1371, 0.1320, 0.1412, 0.1392, 0.1425, 0.1407, 0.1674],
        [0.1346, 0.1315, 0.1408, 0.1436, 0.1395, 0.1420, 0.1681]],
       device='cuda:2', grad_fn=<SoftmaxBackward>)
tensor([[0.1566, 0.1438, 0.1411, 0.1410, 0.1414, 0.1406, 0.1354],
        [0.1495, 0.1394, 0.1400, 0.1422, 0.1407, 0.1390, 0.1492],
        [0.1400, 0.1377, 0.1370, 0.1443, 0.1394, 0.1393, 0.1622],
        [0.1341, 0.1319, 0.1403, 0.1413, 0.1406, 0.1425, 0.1693],
        [0.1343, 0.1337, 0.1407, 0.1410, 0.1398, 0.1418, 0.1688]],
       device='cuda:2', grad_fn=<SoftmaxBackward>)

# Alpha - reduce
tensor([[0.1487, 0.1452, 0.1449, 0.1421, 0.1417, 0.1421, 0.1352],
        [0.1461, 0.1409, 0.1428, 0.1419, 0.1396, 0.1410, 0.1477]],
       device='cuda:2', grad_fn=<SoftmaxBackward>)
tensor([[0.1517, 0.1495, 0.1429, 0.1398, 0.1424, 0.1426, 0.1312],
        [0.1470, 0.1410, 0.1398, 0.1423, 0.1434, 0.1423, 0.1443],
        [0.1416, 0.1371, 0.1413, 0.1423, 0.1410, 0.1429, 0.1538]],
       device='cuda:2', grad_fn=<SoftmaxBackward>)
tensor([[0.1555, 0.1509, 0.1431, 0.1389, 0.1416, 0.1389, 0.1311],
        [0.1520, 0.1455, 0.1397, 0.1399, 0.1409, 0.1408, 0.1412],
        [0.1433, 0.1404, 0.1429, 0.1440, 0.1406, 0.1385, 0.1503],
        [0.1432, 0.1361, 0.1422, 0.1428, 0.1408, 0.1389, 0.1560]],
       device='cuda:2', grad_fn=<SoftmaxBackward>)
tensor([[0.1541, 0.1472, 0.1418, 0.1427, 0.1428, 0.1426, 0.1289],
        [0.1515, 0.1417, 0.1406, 0.1401, 0.1403, 0.1409, 0.1449],
        [0.1486, 0.1396, 0.1424, 0.1397, 0.1421, 0.1415, 0.1462],
        [0.1429, 0.1385, 0.1405, 0.1448, 0.1393, 0.1393, 0.1547],
        [0.1443, 0.1389, 0.1406, 0.1438, 0.1400, 0.1401, 0.1524]],
       device='cuda:2', grad_fn=<SoftmaxBackward>)
#####################

10/21 07:05:36 PM | Train: [ 7/100] Step 000/195 Loss 3.938 Prec@(1,5) (3.9%, 25.0%)
10/21 07:06:35 PM | Train: [ 7/100] Step 050/195 Loss 3.827 Prec@(1,5) (9.3%, 31.0%)
10/21 07:07:34 PM | Train: [ 7/100] Step 100/195 Loss 3.827 Prec@(1,5) (9.7%, 31.5%)
10/21 07:08:33 PM | Train: [ 7/100] Step 150/195 Loss 3.832 Prec@(1,5) (9.7%, 31.6%)
10/21 07:09:26 PM | Train: [ 7/100] Step 195/195 Loss 3.823 Prec@(1,5) (9.8%, 32.0%)
10/21 07:09:26 PM | Train: [ 7/100] Final Prec@1 9.7520%
10/21 07:09:26 PM | Valid: [ 7/100] Step 000/195 Loss 3.891 Prec@(1,5) (9.4%, 34.4%)
10/21 07:09:36 PM | Valid: [ 7/100] Step 050/195 Loss 3.822 Prec@(1,5) (11.4%, 32.9%)
10/21 07:09:45 PM | Valid: [ 7/100] Step 100/195 Loss 3.805 Prec@(1,5) (11.2%, 33.6%)
10/21 07:09:54 PM | Valid: [ 7/100] Step 150/195 Loss 3.803 Prec@(1,5) (11.2%, 33.8%)
10/21 07:10:03 PM | Valid: [ 7/100] Step 195/195 Loss 3.792 Prec@(1,5) (11.4%, 34.0%)
10/21 07:10:03 PM | Valid: [ 7/100] Final Prec@1 11.3600%
10/21 07:10:03 PM | genotype = Genotype(normal=[[('dil_conv_5x5', 0), ('sep_conv_5x5', 1)], [('max_pool_3x3', 0), ('dil_conv_5x5', 1)], [('max_pool_3x3', 0), ('sep_conv_5x5', 1)], [('max_pool_3x3', 0), ('max_pool_3x3', 1)]], normal_concat=range(2, 6), reduce=[[('max_pool_3x3', 0), ('max_pool_3x3', 1)], [('max_pool_3x3', 0), ('max_pool_3x3', 1)], [('max_pool_3x3', 0), ('max_pool_3x3', 1)], [('max_pool_3x3', 0), ('max_pool_3x3', 1)]], reduce_concat=range(2, 6))
####### ALPHA #######
# Alpha - normal
tensor([[0.1443, 0.1440, 0.1422, 0.1422, 0.1464, 0.1472, 0.1336],
        [0.1390, 0.1353, 0.1435, 0.1442, 0.1426, 0.1423, 0.1532]],
       device='cuda:2', grad_fn=<SoftmaxBackward>)
tensor([[0.1538, 0.1400, 0.1459, 0.1425, 0.1406, 0.1454, 0.1317],
        [0.1420, 0.1362, 0.1386, 0.1427, 0.1423, 0.1466, 0.1517],
        [0.1328, 0.1314, 0.1423, 0.1425, 0.1413, 0.1396, 0.1701]],
       device='cuda:2', grad_fn=<SoftmaxBackward>)
tensor([[0.1554, 0.1436, 0.1455, 0.1421, 0.1413, 0.1400, 0.1320],
        [0.1441, 0.1382, 0.1438, 0.1447, 0.1398, 0.1417, 0.1477],
        [0.1360, 0.1301, 0.1408, 0.1397, 0.1415, 0.1403, 0.1717],
        [0.1327, 0.1292, 0.1407, 0.1430, 0.1396, 0.1416, 0.1734]],
       device='cuda:2', grad_fn=<SoftmaxBackward>)
tensor([[0.1578, 0.1426, 0.1420, 0.1424, 0.1410, 0.1396, 0.1346],
        [0.1489, 0.1388, 0.1391, 0.1430, 0.1402, 0.1387, 0.1513],
        [0.1397, 0.1356, 0.1365, 0.1446, 0.1392, 0.1394, 0.1649],
        [0.1316, 0.1299, 0.1399, 0.1409, 0.1400, 0.1431, 0.1747],
        [0.1325, 0.1312, 0.1410, 0.1414, 0.1384, 0.1403, 0.1752]],
       device='cuda:2', grad_fn=<SoftmaxBackward>)

# Alpha - reduce
tensor([[0.1505, 0.1458, 0.1450, 0.1420, 0.1416, 0.1414, 0.1338],
        [0.1466, 0.1404, 0.1420, 0.1422, 0.1403, 0.1401, 0.1484]],
       device='cuda:2', grad_fn=<SoftmaxBackward>)
tensor([[0.1535, 0.1505, 0.1429, 0.1387, 0.1440, 0.1410, 0.1294],
        [0.1482, 0.1409, 0.1391, 0.1420, 0.1428, 0.1428, 0.1442],
        [0.1408, 0.1367, 0.1403, 0.1430, 0.1405, 0.1430, 0.1558]],
       device='cuda:2', grad_fn=<SoftmaxBackward>)
tensor([[0.1573, 0.1521, 0.1435, 0.1375, 0.1411, 0.1392, 0.1292],
        [0.1535, 0.1452, 0.1392, 0.1414, 0.1408, 0.1394, 0.1406],
        [0.1437, 0.1394, 0.1431, 0.1434, 0.1401, 0.1374, 0.1530],
        [0.1427, 0.1354, 0.1426, 0.1427, 0.1406, 0.1385, 0.1575]],
       device='cuda:2', grad_fn=<SoftmaxBackward>)
tensor([[0.1576, 0.1475, 0.1411, 0.1421, 0.1430, 0.1415, 0.1273],
        [0.1533, 0.1416, 0.1407, 0.1402, 0.1396, 0.1399, 0.1447],
        [0.1485, 0.1387, 0.1427, 0.1405, 0.1415, 0.1408, 0.1473],
        [0.1418, 0.1380, 0.1405, 0.1454, 0.1387, 0.1382, 0.1574],
        [0.1424, 0.1382, 0.1403, 0.1439, 0.1397, 0.1404, 0.1552]],
       device='cuda:2', grad_fn=<SoftmaxBackward>)
#####################

10/21 07:10:05 PM | Train: [ 8/100] Step 000/195 Loss 3.905 Prec@(1,5) (7.8%, 27.3%)
10/21 07:11:02 PM | Train: [ 8/100] Step 050/195 Loss 3.796 Prec@(1,5) (10.1%, 33.2%)
10/21 07:12:00 PM | Train: [ 8/100] Step 100/195 Loss 3.771 Prec@(1,5) (10.6%, 33.9%)
10/21 07:12:57 PM | Train: [ 8/100] Step 150/195 Loss 3.753 Prec@(1,5) (11.1%, 34.3%)
10/21 07:13:48 PM | Train: [ 8/100] Step 195/195 Loss 3.758 Prec@(1,5) (11.0%, 34.2%)
10/21 07:13:48 PM | Train: [ 8/100] Final Prec@1 11.0360%
10/21 07:13:49 PM | Valid: [ 8/100] Step 000/195 Loss 5.212 Prec@(1,5) (8.6%, 24.2%)
10/21 07:13:58 PM | Valid: [ 8/100] Step 050/195 Loss 4.656 Prec@(1,5) (9.4%, 29.6%)
10/21 07:14:07 PM | Valid: [ 8/100] Step 100/195 Loss 4.663 Prec@(1,5) (9.5%, 29.5%)
10/21 07:14:16 PM | Valid: [ 8/100] Step 150/195 Loss 4.643 Prec@(1,5) (9.7%, 29.8%)
10/21 07:14:24 PM | Valid: [ 8/100] Step 195/195 Loss 4.636 Prec@(1,5) (9.8%, 29.8%)
10/21 07:14:24 PM | Valid: [ 8/100] Final Prec@1 9.7880%
10/21 07:14:24 PM | genotype = Genotype(normal=[[('dil_conv_5x5', 0), ('sep_conv_5x5', 1)], [('max_pool_3x3', 0), ('dil_conv_5x5', 1)], [('max_pool_3x3', 0), ('max_pool_3x3', 1)], [('max_pool_3x3', 0), ('max_pool_3x3', 1)]], normal_concat=range(2, 6), reduce=[[('max_pool_3x3', 0), ('max_pool_3x3', 1)], [('max_pool_3x3', 0), ('max_pool_3x3', 1)], [('max_pool_3x3', 0), ('max_pool_3x3', 1)], [('max_pool_3x3', 0), ('max_pool_3x3', 1)]], reduce_concat=range(2, 6))
####### ALPHA #######
# Alpha - normal
tensor([[0.1453, 0.1427, 0.1429, 0.1424, 0.1471, 0.1477, 0.1319],
        [0.1379, 0.1340, 0.1444, 0.1446, 0.1424, 0.1428, 0.1539]],
       device='cuda:2', grad_fn=<SoftmaxBackward>)
tensor([[0.1566, 0.1401, 0.1453, 0.1427, 0.1404, 0.1454, 0.1295],
        [0.1433, 0.1352, 0.1388, 0.1422, 0.1417, 0.1472, 0.1516],
        [0.1323, 0.1303, 0.1414, 0.1418, 0.1405, 0.1393, 0.1743]],
       device='cuda:2', grad_fn=<SoftmaxBackward>)
tensor([[0.1581, 0.1429, 0.1451, 0.1429, 0.1414, 0.1394, 0.1301],
        [0.1446, 0.1374, 0.1438, 0.1445, 0.1409, 0.1419, 0.1468],
        [0.1354, 0.1289, 0.1401, 0.1398, 0.1404, 0.1400, 0.1755],
        [0.1321, 0.1273, 0.1405, 0.1433, 0.1380, 0.1405, 0.1782]],
       device='cuda:2', grad_fn=<SoftmaxBackward>)
tensor([[0.1602, 0.1421, 0.1424, 0.1427, 0.1405, 0.1387, 0.1334],
        [0.1495, 0.1383, 0.1378, 0.1444, 0.1395, 0.1391, 0.1513],
        [0.1398, 0.1338, 0.1360, 0.1437, 0.1385, 0.1397, 0.1685],
        [0.1312, 0.1279, 0.1390, 0.1400, 0.1389, 0.1431, 0.1799],
        [0.1314, 0.1290, 0.1395, 0.1420, 0.1377, 0.1401, 0.1802]],
       device='cuda:2', grad_fn=<SoftmaxBackward>)

# Alpha - reduce
tensor([[0.1512, 0.1462, 0.1454, 0.1418, 0.1422, 0.1408, 0.1324],
        [0.1477, 0.1398, 0.1416, 0.1417, 0.1407, 0.1392, 0.1493]],
       device='cuda:2', grad_fn=<SoftmaxBackward>)
tensor([[0.1551, 0.1514, 0.1428, 0.1389, 0.1443, 0.1400, 0.1276],
        [0.1487, 0.1414, 0.1385, 0.1429, 0.1424, 0.1423, 0.1438],
        [0.1401, 0.1354, 0.1391, 0.1430, 0.1399, 0.1436, 0.1589]],
       device='cuda:2', grad_fn=<SoftmaxBackward>)
tensor([[0.1591, 0.1531, 0.1441, 0.1369, 0.1414, 0.1383, 0.1271],
        [0.1556, 0.1449, 0.1393, 0.1406, 0.1407, 0.1382, 0.1407],
        [0.1439, 0.1385, 0.1421, 0.1433, 0.1396, 0.1375, 0.1552],
        [0.1423, 0.1347, 0.1430, 0.1415, 0.1399, 0.1383, 0.1601]],
       device='cuda:2', grad_fn=<SoftmaxBackward>)
tensor([[0.1596, 0.1485, 0.1418, 0.1407, 0.1429, 0.1411, 0.1255],
        [0.1540, 0.1413, 0.1413, 0.1405, 0.1383, 0.1403, 0.1443],
        [0.1498, 0.1382, 0.1431, 0.1399, 0.1405, 0.1400, 0.1486],
        [0.1416, 0.1378, 0.1397, 0.1461, 0.1386, 0.1378, 0.1585],
        [0.1419, 0.1372, 0.1396, 0.1432, 0.1392, 0.1407, 0.1582]],
       device='cuda:2', grad_fn=<SoftmaxBackward>)
#####################

10/21 07:14:26 PM | Train: [ 9/100] Step 000/195 Loss 3.632 Prec@(1,5) (10.9%, 40.6%)
10/21 07:15:24 PM | Train: [ 9/100] Step 050/195 Loss 3.723 Prec@(1,5) (11.3%, 35.7%)
10/21 07:16:22 PM | Train: [ 9/100] Step 100/195 Loss 3.724 Prec@(1,5) (11.7%, 35.3%)
10/21 07:17:21 PM | Train: [ 9/100] Step 150/195 Loss 3.705 Prec@(1,5) (12.0%, 35.8%)
10/21 07:18:14 PM | Train: [ 9/100] Step 195/195 Loss 3.701 Prec@(1,5) (11.9%, 35.9%)
10/21 07:18:14 PM | Train: [ 9/100] Final Prec@1 11.9320%
10/21 07:18:15 PM | Valid: [ 9/100] Step 000/195 Loss 7.478 Prec@(1,5) (6.2%, 25.0%)
10/21 07:18:23 PM | Valid: [ 9/100] Step 050/195 Loss 6.898 Prec@(1,5) (7.5%, 25.5%)
10/21 07:18:31 PM | Valid: [ 9/100] Step 100/195 Loss 6.861 Prec@(1,5) (7.7%, 25.4%)
10/21 07:18:39 PM | Valid: [ 9/100] Step 150/195 Loss 6.892 Prec@(1,5) (7.6%, 25.3%)
10/21 07:18:47 PM | Valid: [ 9/100] Step 195/195 Loss 6.894 Prec@(1,5) (7.5%, 25.0%)
10/21 07:18:47 PM | Valid: [ 9/100] Final Prec@1 7.5400%
10/21 07:18:47 PM | genotype = Genotype(normal=[[('dil_conv_5x5', 0), ('sep_conv_5x5', 1)], [('max_pool_3x3', 0), ('dil_conv_5x5', 1)], [('max_pool_3x3', 0), ('max_pool_3x3', 1)], [('max_pool_3x3', 0), ('max_pool_3x3', 1)]], normal_concat=range(2, 6), reduce=[[('max_pool_3x3', 0), ('max_pool_3x3', 1)], [('max_pool_3x3', 0), ('max_pool_3x3', 1)], [('max_pool_3x3', 0), ('max_pool_3x3', 1)], [('max_pool_3x3', 0), ('max_pool_3x3', 1)]], reduce_concat=range(2, 6))
####### ALPHA #######
# Alpha - normal
tensor([[0.1461, 0.1414, 0.1430, 0.1426, 0.1486, 0.1489, 0.1294],
        [0.1362, 0.1333, 0.1451, 0.1454, 0.1415, 0.1430, 0.1555]],
       device='cuda:2', grad_fn=<SoftmaxBackward>)
tensor([[0.1580, 0.1396, 0.1452, 0.1430, 0.1403, 0.1471, 0.1268],
        [0.1435, 0.1342, 0.1395, 0.1410, 0.1414, 0.1477, 0.1526],
        [0.1318, 0.1295, 0.1418, 0.1413, 0.1391, 0.1383, 0.1782]],
       device='cuda:2', grad_fn=<SoftmaxBackward>)
tensor([[0.1598, 0.1428, 0.1456, 0.1439, 0.1410, 0.1396, 0.1272],
        [0.1467, 0.1368, 0.1433, 0.1446, 0.1396, 0.1426, 0.1465],
        [0.1350, 0.1278, 0.1392, 0.1398, 0.1404, 0.1389, 0.1788],
        [0.1308, 0.1260, 0.1399, 0.1425, 0.1373, 0.1399, 0.1836]],
       device='cuda:2', grad_fn=<SoftmaxBackward>)
tensor([[0.1635, 0.1416, 0.1423, 0.1433, 0.1391, 0.1387, 0.1315],
        [0.1508, 0.1370, 0.1366, 0.1451, 0.1384, 0.1397, 0.1523],
        [0.1400, 0.1323, 0.1357, 0.1425, 0.1376, 0.1399, 0.1720],
        [0.1297, 0.1256, 0.1385, 0.1390, 0.1373, 0.1438, 0.1861],
        [0.1305, 0.1276, 0.1391, 0.1414, 0.1365, 0.1387, 0.1862]],
       device='cuda:2', grad_fn=<SoftmaxBackward>)

# Alpha - reduce
tensor([[0.1524, 0.1459, 0.1455, 0.1424, 0.1418, 0.1412, 0.1309],
        [0.1472, 0.1393, 0.1415, 0.1418, 0.1415, 0.1385, 0.1502]],
       device='cuda:2', grad_fn=<SoftmaxBackward>)
tensor([[0.1568, 0.1529, 0.1421, 0.1374, 0.1444, 0.1400, 0.1264],
        [0.1503, 0.1406, 0.1381, 0.1441, 0.1424, 0.1416, 0.1429],
        [0.1398, 0.1343, 0.1390, 0.1430, 0.1394, 0.1435, 0.1610]],
       device='cuda:2', grad_fn=<SoftmaxBackward>)
tensor([[0.1609, 0.1540, 0.1442, 0.1364, 0.1412, 0.1380, 0.1254],
        [0.1563, 0.1456, 0.1378, 0.1405, 0.1409, 0.1380, 0.1408],
        [0.1441, 0.1373, 0.1424, 0.1432, 0.1384, 0.1379, 0.1567],
        [0.1425, 0.1337, 0.1431, 0.1416, 0.1391, 0.1378, 0.1622]],
       device='cuda:2', grad_fn=<SoftmaxBackward>)
tensor([[0.1611, 0.1493, 0.1415, 0.1409, 0.1426, 0.1407, 0.1238],
        [0.1545, 0.1412, 0.1408, 0.1409, 0.1381, 0.1411, 0.1434],
        [0.1495, 0.1381, 0.1432, 0.1403, 0.1403, 0.1388, 0.1498],
        [0.1418, 0.1366, 0.1393, 0.1457, 0.1381, 0.1367, 0.1619],
        [0.1414, 0.1353, 0.1395, 0.1435, 0.1382, 0.1413, 0.1607]],
       device='cuda:2', grad_fn=<SoftmaxBackward>)
#####################

10/21 07:18:49 PM | Train: [10/100] Step 000/195 Loss 3.759 Prec@(1,5) (7.0%, 35.2%)
10/21 07:19:48 PM | Train: [10/100] Step 050/195 Loss 3.671 Prec@(1,5) (12.7%, 37.4%)
10/21 07:20:47 PM | Train: [10/100] Step 100/195 Loss 3.652 Prec@(1,5) (12.9%, 38.1%)
10/21 07:21:46 PM | Train: [10/100] Step 150/195 Loss 3.644 Prec@(1,5) (12.9%, 38.4%)
10/21 07:22:39 PM | Train: [10/100] Step 195/195 Loss 3.642 Prec@(1,5) (13.0%, 38.1%)
10/21 07:22:39 PM | Train: [10/100] Final Prec@1 13.0280%
10/21 07:22:39 PM | Valid: [10/100] Step 000/195 Loss 4.126 Prec@(1,5) (10.9%, 25.8%)
10/21 07:22:48 PM | Valid: [10/100] Step 050/195 Loss 3.960 Prec@(1,5) (8.7%, 26.7%)
10/21 07:22:56 PM | Valid: [10/100] Step 100/195 Loss 3.968 Prec@(1,5) (8.4%, 26.5%)
10/21 07:23:04 PM | Valid: [10/100] Step 150/195 Loss 3.962 Prec@(1,5) (8.4%, 26.6%)
10/21 07:23:11 PM | Valid: [10/100] Step 195/195 Loss 3.960 Prec@(1,5) (8.5%, 26.6%)
10/21 07:23:11 PM | Valid: [10/100] Final Prec@1 8.4560%
10/21 07:23:11 PM | genotype = Genotype(normal=[[('dil_conv_5x5', 0), ('sep_conv_3x3', 1)], [('max_pool_3x3', 0), ('dil_conv_5x5', 1)], [('max_pool_3x3', 0), ('max_pool_3x3', 1)], [('max_pool_3x3', 0), ('max_pool_3x3', 1)]], normal_concat=range(2, 6), reduce=[[('max_pool_3x3', 0), ('max_pool_3x3', 1)], [('max_pool_3x3', 0), ('max_pool_3x3', 1)], [('max_pool_3x3', 0), ('max_pool_3x3', 1)], [('max_pool_3x3', 0), ('max_pool_3x3', 1)]], reduce_concat=range(2, 6))
####### ALPHA #######
# Alpha - normal
tensor([[0.1467, 0.1405, 0.1429, 0.1437, 0.1493, 0.1498, 0.1272],
        [0.1367, 0.1321, 0.1452, 0.1445, 0.1412, 0.1428, 0.1575]],
       device='cuda:2', grad_fn=<SoftmaxBackward>)
tensor([[0.1600, 0.1393, 0.1457, 0.1437, 0.1395, 0.1475, 0.1244],
        [0.1441, 0.1342, 0.1394, 0.1412, 0.1415, 0.1480, 0.1518],
        [0.1307, 0.1284, 0.1407, 0.1408, 0.1386, 0.1384, 0.1824]],
       device='cuda:2', grad_fn=<SoftmaxBackward>)
tensor([[0.1617, 0.1422, 0.1463, 0.1438, 0.1402, 0.1397, 0.1260],
        [0.1474, 0.1364, 0.1437, 0.1434, 0.1393, 0.1437, 0.1461],
        [0.1336, 0.1260, 0.1381, 0.1399, 0.1397, 0.1392, 0.1834],
        [0.1299, 0.1245, 0.1395, 0.1416, 0.1356, 0.1400, 0.1889]],
       device='cuda:2', grad_fn=<SoftmaxBackward>)
tensor([[0.1671, 0.1409, 0.1425, 0.1438, 0.1383, 0.1378, 0.1296],
        [0.1519, 0.1369, 0.1350, 0.1461, 0.1373, 0.1398, 0.1530],
        [0.1397, 0.1313, 0.1348, 0.1423, 0.1363, 0.1395, 0.1762],
        [0.1291, 0.1247, 0.1372, 0.1381, 0.1371, 0.1421, 0.1917],
