10/15 06:13:51 PM | 
10/15 06:13:51 PM | Parameters:
10/15 06:13:51 PM | ALPHA_LR=0.0003
10/15 06:13:51 PM | ALPHA_WEIGHT_DECAY=0.001
10/15 06:13:51 PM | AZ=True
10/15 06:13:51 PM | BATCH_SIZE=64
10/15 06:13:51 PM | DATA_PATH=./data/
10/15 06:13:51 PM | DATASET=cifar10
10/15 06:13:51 PM | EPOCHS=100
10/15 06:13:51 PM | GPUS=[0]
10/15 06:13:51 PM | HV_TYPE=0
10/15 06:13:51 PM | INIT_CHANNELS=16
10/15 06:13:51 PM | LAYERS=8
10/15 06:13:51 PM | MULTI_AVG_RANK=0
10/15 06:13:51 PM | MULTI_AVG_SIZE=0
10/15 06:13:51 PM | N_NODES=4
10/15 06:13:51 PM | NAME=cifar10
10/15 06:13:51 PM | OPS_SET=1
10/15 06:13:51 PM | PATH=searchs/cifar10
10/15 06:13:51 PM | PLOT_PATH=searchs/cifar10/plots
10/15 06:13:51 PM | PRINT_FREQ=50
10/15 06:13:51 PM | PROXYLESS=True
10/15 06:13:51 PM | SBP=False
10/15 06:13:51 PM | SEED=2
10/15 06:13:51 PM | W_GRAD_CLIP=5.0
10/15 06:13:51 PM | W_LR=0.025
10/15 06:13:51 PM | W_LR_MIN=0.001
10/15 06:13:51 PM | W_MOMENTUM=0.9
10/15 06:13:51 PM | W_WEIGHT_DECAY=0.0003
10/15 06:13:51 PM | WORKERS=4
10/15 06:13:51 PM | 
10/15 06:13:51 PM | Logger is set - training start
####### ALPHA #######
# Alpha - normal
tensor([[0.1249, 0.1252, 0.1249, 0.1249, 0.1249, 0.1252, 0.1249, 0.1250],
        [0.1249, 0.1251, 0.1250, 0.1250, 0.1252, 0.1249, 0.1250, 0.1250]],
       device='cuda:0', grad_fn=<SoftmaxBackward>)
tensor([[0.1249, 0.1253, 0.1250, 0.1250, 0.1249, 0.1250, 0.1250, 0.1249],
        [0.1251, 0.1247, 0.1249, 0.1253, 0.1248, 0.1249, 0.1251, 0.1253],
        [0.1250, 0.1250, 0.1249, 0.1251, 0.1252, 0.1250, 0.1251, 0.1249]],
       device='cuda:0', grad_fn=<SoftmaxBackward>)
tensor([[0.1250, 0.1249, 0.1250, 0.1250, 0.1250, 0.1251, 0.1249, 0.1251],
        [0.1250, 0.1249, 0.1251, 0.1249, 0.1249, 0.1253, 0.1252, 0.1248],
        [0.1250, 0.1250, 0.1251, 0.1248, 0.1251, 0.1250, 0.1251, 0.1250],
        [0.1250, 0.1251, 0.1250, 0.1251, 0.1251, 0.1251, 0.1249, 0.1248]],
       device='cuda:0', grad_fn=<SoftmaxBackward>)
tensor([[0.1250, 0.1250, 0.1249, 0.1249, 0.1251, 0.1250, 0.1249, 0.1252],
        [0.1250, 0.1252, 0.1252, 0.1248, 0.1250, 0.1249, 0.1248, 0.1251],
        [0.1251, 0.1251, 0.1250, 0.1251, 0.1248, 0.1250, 0.1249, 0.1249],
        [0.1249, 0.1250, 0.1250, 0.1253, 0.1251, 0.1251, 0.1247, 0.1249],
        [0.1251, 0.1251, 0.1252, 0.1249, 0.1249, 0.1251, 0.1250, 0.1249]],
       device='cuda:0', grad_fn=<SoftmaxBackward>)

# Alpha - reduce
tensor([[0.1248, 0.1249, 0.1249, 0.1251, 0.1250, 0.1250, 0.1251, 0.1251],
        [0.1250, 0.1248, 0.1249, 0.1252, 0.1249, 0.1250, 0.1249, 0.1251]],
       device='cuda:0', grad_fn=<SoftmaxBackward>)
tensor([[0.1251, 0.1249, 0.1252, 0.1249, 0.1250, 0.1250, 0.1249, 0.1250],
        [0.1250, 0.1249, 0.1250, 0.1251, 0.1251, 0.1249, 0.1250, 0.1251],
        [0.1250, 0.1250, 0.1250, 0.1249, 0.1250, 0.1250, 0.1250, 0.1252]],
       device='cuda:0', grad_fn=<SoftmaxBackward>)
tensor([[0.1251, 0.1247, 0.1249, 0.1252, 0.1252, 0.1249, 0.1251, 0.1249],
        [0.1250, 0.1250, 0.1250, 0.1251, 0.1253, 0.1249, 0.1249, 0.1248],
        [0.1250, 0.1252, 0.1250, 0.1250, 0.1251, 0.1248, 0.1251, 0.1249],
        [0.1250, 0.1251, 0.1251, 0.1249, 0.1248, 0.1251, 0.1250, 0.1250]],
       device='cuda:0', grad_fn=<SoftmaxBackward>)
tensor([[0.1250, 0.1249, 0.1251, 0.1251, 0.1251, 0.1249, 0.1250, 0.1250],
        [0.1252, 0.1249, 0.1251, 0.1251, 0.1250, 0.1249, 0.1249, 0.1249],
        [0.1249, 0.1250, 0.1251, 0.1250, 0.1249, 0.1250, 0.1250, 0.1252],
        [0.1250, 0.1249, 0.1250, 0.1251, 0.1250, 0.1251, 0.1250, 0.1249],
        [0.1249, 0.1251, 0.1250, 0.1251, 0.1248, 0.1251, 0.1249, 0.1251]],
       device='cuda:0', grad_fn=<SoftmaxBackward>)
#####################
Files already downloaded and verified
10/15 06:13:57 PM | Train: [ 1/100] Step 000/390 Loss 2.270 Prec@(1,5) (12.5%, 62.5%)
10/15 06:14:40 PM | Train: [ 1/100] Step 050/390 Loss 2.285 Prec@(1,5) (14.2%, 61.3%)
10/15 06:15:24 PM | Train: [ 1/100] Step 100/390 Loss 2.266 Prec@(1,5) (15.7%, 64.8%)
10/15 06:16:09 PM | Train: [ 1/100] Step 150/390 Loss 2.223 Prec@(1,5) (16.9%, 68.3%)
10/15 06:16:53 PM | Train: [ 1/100] Step 200/390 Loss 2.191 Prec@(1,5) (18.1%, 70.5%)
10/15 06:17:37 PM | Train: [ 1/100] Step 250/390 Loss 2.165 Prec@(1,5) (19.0%, 72.1%)
10/15 06:18:21 PM | Train: [ 1/100] Step 300/390 Loss 2.149 Prec@(1,5) (19.5%, 73.3%)
10/15 06:19:05 PM | Train: [ 1/100] Step 350/390 Loss 2.131 Prec@(1,5) (20.1%, 74.4%)
10/15 06:19:42 PM | Train: [ 1/100] Step 390/390 Loss 2.121 Prec@(1,5) (20.6%, 75.0%)
10/15 06:19:42 PM | Train: [ 1/100] Final Prec@1 20.6440%
10/15 06:19:42 PM | Valid: [ 1/100] Step 000/390 Loss 2.041 Prec@(1,5) (17.2%, 81.2%)
10/15 06:19:48 PM | Valid: [ 1/100] Step 050/390 Loss 1.999 Prec@(1,5) (22.4%, 80.9%)
10/15 06:19:53 PM | Valid: [ 1/100] Step 100/390 Loss 2.009 Prec@(1,5) (21.6%, 80.6%)
10/15 06:19:59 PM | Valid: [ 1/100] Step 150/390 Loss 2.013 Prec@(1,5) (21.4%, 80.5%)
10/15 06:20:04 PM | Valid: [ 1/100] Step 200/390 Loss 2.013 Prec@(1,5) (21.5%, 80.5%)
10/15 06:20:09 PM | Valid: [ 1/100] Step 250/390 Loss 2.012 Prec@(1,5) (21.7%, 80.5%)
10/15 06:20:15 PM | Valid: [ 1/100] Step 300/390 Loss 2.012 Prec@(1,5) (21.8%, 80.6%)
10/15 06:20:20 PM | Valid: [ 1/100] Step 350/390 Loss 2.013 Prec@(1,5) (21.9%, 80.7%)
10/15 06:20:25 PM | Valid: [ 1/100] Step 390/390 Loss 2.014 Prec@(1,5) (21.9%, 80.7%)
10/15 06:20:25 PM | Valid: [ 1/100] Final Prec@1 21.9000%
10/15 06:20:25 PM | genotype = Genotype(normal=[[('skip_connect', 0), ('sep_conv_5x5', 1)], [('sep_conv_3x3', 0), ('sep_conv_5x5', 1)], [('dil_conv_3x3', 2), ('sep_conv_5x5', 1)], [('sep_conv_5x5', 3), ('sep_conv_5x5', 2)]], normal_concat=range(2, 6), reduce=[[('sep_conv_3x3', 1), ('sep_conv_5x5', 0)], [('max_pool_3x3', 0), ('skip_connect', 1)], [('max_pool_3x3', 0), ('sep_conv_3x3', 1)], [('sep_conv_3x3', 2), ('max_pool_3x3', 1)]], reduce_concat=range(2, 6))
####### ALPHA #######
# Alpha - normal
tensor([[0.1247, 0.1238, 0.1264, 0.1248, 0.1255, 0.1259, 0.1244, 0.1247],
        [0.1237, 0.1232, 0.1226, 0.1248, 0.1260, 0.1242, 0.1255, 0.1298]],
       device='cuda:0', grad_fn=<SoftmaxBackward>)
tensor([[0.1243, 0.1252, 0.1235, 0.1263, 0.1248, 0.1257, 0.1237, 0.1265],
        [0.1241, 0.1224, 0.1233, 0.1250, 0.1261, 0.1256, 0.1255, 0.1282],
        [0.1228, 0.1217, 0.1228, 0.1260, 0.1258, 0.1254, 0.1249, 0.1307]],
       device='cuda:0', grad_fn=<SoftmaxBackward>)
tensor([[0.1250, 0.1250, 0.1257, 0.1251, 0.1226, 0.1240, 0.1252, 0.1273],
        [0.1236, 0.1229, 0.1244, 0.1253, 0.1260, 0.1256, 0.1254, 0.1267],
        [0.1226, 0.1209, 0.1237, 0.1259, 0.1248, 0.1265, 0.1247, 0.1309],
        [0.1221, 0.1220, 0.1224, 0.1254, 0.1250, 0.1260, 0.1256, 0.1314]],
       device='cuda:0', grad_fn=<SoftmaxBackward>)
tensor([[0.1249, 0.1237, 0.1250, 0.1247, 0.1249, 0.1253, 0.1247, 0.1268],
        [0.1229, 0.1228, 0.1247, 0.1251, 0.1249, 0.1254, 0.1246, 0.1296],
        [0.1223, 0.1213, 0.1240, 0.1258, 0.1259, 0.1254, 0.1250, 0.1302],
        [0.1205, 0.1217, 0.1234, 0.1252, 0.1267, 0.1258, 0.1253, 0.1315],
        [0.1212, 0.1216, 0.1232, 0.1255, 0.1250, 0.1250, 0.1258, 0.1327]],
       device='cuda:0', grad_fn=<SoftmaxBackward>)

# Alpha - reduce
tensor([[0.1236, 0.1255, 0.1248, 0.1252, 0.1259, 0.1248, 0.1248, 0.1254],
        [0.1245, 0.1245, 0.1247, 0.1265, 0.1244, 0.1254, 0.1248, 0.1252]],
       device='cuda:0', grad_fn=<SoftmaxBackward>)
tensor([[0.1262, 0.1248, 0.1250, 0.1253, 0.1259, 0.1261, 0.1250, 0.1217],
        [0.1246, 0.1244, 0.1259, 0.1243, 0.1242, 0.1255, 0.1250, 0.1262],
        [0.1233, 0.1234, 0.1257, 0.1253, 0.1250, 0.1258, 0.1247, 0.1268]],
       device='cuda:0', grad_fn=<SoftmaxBackward>)
tensor([[0.1273, 0.1254, 0.1257, 0.1261, 0.1246, 0.1258, 0.1231, 0.1220],
        [0.1257, 0.1247, 0.1245, 0.1261, 0.1244, 0.1253, 0.1258, 0.1234],
        [0.1248, 0.1241, 0.1244, 0.1257, 0.1251, 0.1252, 0.1242, 0.1265],
        [0.1248, 0.1237, 0.1258, 0.1253, 0.1257, 0.1237, 0.1247, 0.1263]],
       device='cuda:0', grad_fn=<SoftmaxBackward>)
tensor([[0.1261, 0.1242, 0.1262, 0.1240, 0.1247, 0.1243, 0.1263, 0.1243],
        [0.1272, 0.1249, 0.1235, 0.1262, 0.1248, 0.1239, 0.1248, 0.1247],
        [0.1244, 0.1238, 0.1244, 0.1273, 0.1240, 0.1235, 0.1254, 0.1272],
        [0.1241, 0.1235, 0.1265, 0.1254, 0.1240, 0.1254, 0.1253, 0.1257],
        [0.1237, 0.1240, 0.1251, 0.1260, 0.1255, 0.1248, 0.1240, 0.1269]],
       device='cuda:0', grad_fn=<SoftmaxBackward>)
#####################

10/15 06:20:27 PM | Train: [ 2/100] Step 000/390 Loss 2.137 Prec@(1,5) (17.2%, 73.4%)
10/15 06:21:11 PM | Train: [ 2/100] Step 050/390 Loss 1.968 Prec@(1,5) (24.3%, 80.9%)
10/15 06:21:55 PM | Train: [ 2/100] Step 100/390 Loss 1.948 Prec@(1,5) (25.8%, 82.1%)
10/15 06:22:39 PM | Train: [ 2/100] Step 150/390 Loss 1.935 Prec@(1,5) (26.0%, 82.6%)
10/15 06:23:24 PM | Train: [ 2/100] Step 200/390 Loss 1.934 Prec@(1,5) (26.4%, 82.7%)
10/15 06:24:08 PM | Train: [ 2/100] Step 250/390 Loss 1.928 Prec@(1,5) (26.7%, 83.0%)
10/15 06:24:52 PM | Train: [ 2/100] Step 300/390 Loss 1.918 Prec@(1,5) (27.1%, 83.3%)
10/15 06:25:36 PM | Train: [ 2/100] Step 350/390 Loss 1.911 Prec@(1,5) (27.3%, 83.4%)
10/15 06:26:12 PM | Train: [ 2/100] Step 390/390 Loss 1.903 Prec@(1,5) (27.6%, 83.6%)
10/15 06:26:12 PM | Train: [ 2/100] Final Prec@1 27.6040%
10/15 06:26:12 PM | Valid: [ 2/100] Step 000/390 Loss 2.035 Prec@(1,5) (26.6%, 87.5%)
10/15 06:26:18 PM | Valid: [ 2/100] Step 050/390 Loss 1.824 Prec@(1,5) (32.0%, 85.9%)
10/15 06:26:23 PM | Valid: [ 2/100] Step 100/390 Loss 1.836 Prec@(1,5) (31.9%, 85.6%)
10/15 06:26:29 PM | Valid: [ 2/100] Step 150/390 Loss 1.842 Prec@(1,5) (31.5%, 85.5%)
10/15 06:26:34 PM | Valid: [ 2/100] Step 200/390 Loss 1.842 Prec@(1,5) (31.9%, 85.4%)
10/15 06:26:40 PM | Valid: [ 2/100] Step 250/390 Loss 1.834 Prec@(1,5) (32.2%, 85.5%)
10/15 06:26:45 PM | Valid: [ 2/100] Step 300/390 Loss 1.829 Prec@(1,5) (32.6%, 85.6%)
10/15 06:26:51 PM | Valid: [ 2/100] Step 350/390 Loss 1.830 Prec@(1,5) (32.6%, 85.6%)
10/15 06:26:55 PM | Valid: [ 2/100] Step 390/390 Loss 1.831 Prec@(1,5) (32.7%, 85.6%)
10/15 06:26:55 PM | Valid: [ 2/100] Final Prec@1 32.6560%
10/15 06:26:55 PM | genotype = Genotype(normal=[[('skip_connect', 0), ('sep_conv_5x5', 1)], [('sep_conv_5x5', 1), ('sep_conv_3x3', 0)], [('sep_conv_5x5', 1), ('max_pool_3x3', 0)], [('max_pool_3x3', 0), ('sep_conv_5x5', 2)]], normal_concat=range(2, 6), reduce=[[('sep_conv_3x3', 1), ('skip_connect', 0)], [('max_pool_3x3', 0), ('skip_connect', 2)], [('max_pool_3x3', 0), ('max_pool_3x3', 1)], [('max_pool_3x3', 1), ('skip_connect', 3)]], reduce_concat=range(2, 6))
####### ALPHA #######
# Alpha - normal
tensor([[0.1251, 0.1237, 0.1281, 0.1240, 0.1253, 0.1255, 0.1239, 0.1245],
        [0.1239, 0.1224, 0.1223, 0.1242, 0.1261, 0.1226, 0.1252, 0.1334]],
       device='cuda:0', grad_fn=<SoftmaxBackward>)
tensor([[0.1246, 0.1253, 0.1250, 0.1255, 0.1248, 0.1249, 0.1240, 0.1259],
        [0.1229, 0.1212, 0.1226, 0.1242, 0.1267, 0.1252, 0.1264, 0.1308],
        [0.1208, 0.1196, 0.1221, 0.1256, 0.1254, 0.1257, 0.1238, 0.1369]],
       device='cuda:0', grad_fn=<SoftmaxBackward>)
tensor([[0.1267, 0.1243, 0.1261, 0.1238, 0.1224, 0.1239, 0.1248, 0.1281],
        [0.1229, 0.1219, 0.1250, 0.1248, 0.1271, 0.1246, 0.1249, 0.1289],
        [0.1213, 0.1182, 0.1241, 0.1250, 0.1240, 0.1259, 0.1240, 0.1374],
        [0.1199, 0.1190, 0.1217, 0.1241, 0.1246, 0.1264, 0.1254, 0.1390]],
       device='cuda:0', grad_fn=<SoftmaxBackward>)
tensor([[0.1267, 0.1230, 0.1259, 0.1243, 0.1241, 0.1243, 0.1242, 0.1275],
        [0.1226, 0.1213, 0.1239, 0.1252, 0.1256, 0.1252, 0.1240, 0.1321],
        [0.1217, 0.1191, 0.1246, 0.1251, 0.1263, 0.1254, 0.1228, 0.1351],
        [0.1197, 0.1188, 0.1227, 0.1251, 0.1263, 0.1246, 0.1252, 0.1377],
        [0.1198, 0.1184, 0.1217, 0.1249, 0.1254, 0.1248, 0.1256, 0.1393]],
       device='cuda:0', grad_fn=<SoftmaxBackward>)

# Alpha - reduce
tensor([[0.1244, 0.1251, 0.1260, 0.1254, 0.1254, 0.1236, 0.1250, 0.1251],
        [0.1251, 0.1236, 0.1252, 0.1261, 0.1243, 0.1245, 0.1254, 0.1259]],
       device='cuda:0', grad_fn=<SoftmaxBackward>)
tensor([[0.1280, 0.1256, 0.1250, 0.1256, 0.1264, 0.1256, 0.1245, 0.1194],
        [0.1258, 0.1238, 0.1254, 0.1235, 0.1237, 0.1256, 0.1258, 0.1265],
        [0.1235, 0.1216, 0.1260, 0.1255, 0.1242, 0.1259, 0.1244, 0.1289]],
       device='cuda:0', grad_fn=<SoftmaxBackward>)
tensor([[0.1294, 0.1254, 0.1260, 0.1256, 0.1248, 0.1254, 0.1233, 0.1202],
        [0.1265, 0.1249, 0.1253, 0.1259, 0.1250, 0.1253, 0.1252, 0.1219],
        [0.1243, 0.1237, 0.1241, 0.1245, 0.1263, 0.1246, 0.1248, 0.1276],
        [0.1240, 0.1232, 0.1268, 0.1255, 0.1255, 0.1229, 0.1243, 0.1277]],
       device='cuda:0', grad_fn=<SoftmaxBackward>)
tensor([[0.1276, 0.1247, 0.1259, 0.1247, 0.1246, 0.1241, 0.1259, 0.1227],
        [0.1288, 0.1256, 0.1234, 0.1258, 0.1244, 0.1240, 0.1242, 0.1237],
        [0.1244, 0.1235, 0.1246, 0.1266, 0.1234, 0.1231, 0.1248, 0.1295],
        [0.1244, 0.1229, 0.1279, 0.1258, 0.1234, 0.1252, 0.1240, 0.1263],
        [0.1233, 0.1232, 0.1255, 0.1259, 0.1254, 0.1241, 0.1236, 0.1289]],
       device='cuda:0', grad_fn=<SoftmaxBackward>)
#####################

10/15 06:26:57 PM | Train: [ 3/100] Step 000/390 Loss 1.753 Prec@(1,5) (32.8%, 89.1%)
10/15 06:27:42 PM | Train: [ 3/100] Step 050/390 Loss 1.838 Prec@(1,5) (31.0%, 84.5%)
10/15 06:28:28 PM | Train: [ 3/100] Step 100/390 Loss 1.849 Prec@(1,5) (30.3%, 84.8%)
10/15 06:29:12 PM | Train: [ 3/100] Step 150/390 Loss 1.830 Prec@(1,5) (31.1%, 85.4%)
10/15 06:29:58 PM | Train: [ 3/100] Step 200/390 Loss 1.834 Prec@(1,5) (30.8%, 85.5%)
10/15 06:30:42 PM | Train: [ 3/100] Step 250/390 Loss 1.822 Prec@(1,5) (31.4%, 86.0%)
10/15 06:31:27 PM | Train: [ 3/100] Step 300/390 Loss 1.818 Prec@(1,5) (31.4%, 86.1%)
10/15 06:32:12 PM | Train: [ 3/100] Step 350/390 Loss 1.808 Prec@(1,5) (31.9%, 86.3%)
10/15 06:32:48 PM | Train: [ 3/100] Step 390/390 Loss 1.799 Prec@(1,5) (32.2%, 86.4%)
10/15 06:32:48 PM | Train: [ 3/100] Final Prec@1 32.1920%
10/15 06:32:48 PM | Valid: [ 3/100] Step 000/390 Loss 2.619 Prec@(1,5) (28.1%, 76.6%)
10/15 06:32:54 PM | Valid: [ 3/100] Step 050/390 Loss 2.701 Prec@(1,5) (24.4%, 84.0%)
10/15 06:32:59 PM | Valid: [ 3/100] Step 100/390 Loss 2.721 Prec@(1,5) (24.6%, 83.9%)
10/15 06:33:04 PM | Valid: [ 3/100] Step 150/390 Loss 2.704 Prec@(1,5) (24.9%, 84.0%)
10/15 06:33:10 PM | Valid: [ 3/100] Step 200/390 Loss 2.701 Prec@(1,5) (25.2%, 83.9%)
10/15 06:33:15 PM | Valid: [ 3/100] Step 250/390 Loss 2.698 Prec@(1,5) (25.5%, 83.8%)
10/15 06:33:20 PM | Valid: [ 3/100] Step 300/390 Loss 2.688 Prec@(1,5) (25.6%, 83.8%)
10/15 06:33:25 PM | Valid: [ 3/100] Step 350/390 Loss 2.687 Prec@(1,5) (25.7%, 83.8%)
10/15 06:33:29 PM | Valid: [ 3/100] Step 390/390 Loss 2.688 Prec@(1,5) (25.8%, 83.7%)
10/15 06:33:29 PM | Valid: [ 3/100] Final Prec@1 25.7720%
10/15 06:33:29 PM | genotype = Genotype(normal=[[('skip_connect', 0), ('sep_conv_5x5', 1)], [('sep_conv_5x5', 1), ('avg_pool_3x3', 0)], [('max_pool_3x3', 0), ('sep_conv_5x5', 1)], [('max_pool_3x3', 0), ('sep_conv_5x5', 1)]], normal_concat=range(2, 6), reduce=[[('avg_pool_3x3', 0), ('max_pool_3x3', 1)], [('max_pool_3x3', 0), ('skip_connect', 2)], [('max_pool_3x3', 0), ('max_pool_3x3', 1)], [('max_pool_3x3', 1), ('max_pool_3x3', 0)]], reduce_concat=range(2, 6))
####### ALPHA #######
# Alpha - normal
tensor([[0.1264, 0.1225, 0.1290, 0.1245, 0.1244, 0.1250, 0.1244, 0.1237],
        [0.1229, 0.1214, 0.1214, 0.1236, 0.1263, 0.1217, 0.1258, 0.1368]],
       device='cuda:0', grad_fn=<SoftmaxBackward>)
tensor([[0.1243, 0.1261, 0.1260, 0.1256, 0.1245, 0.1237, 0.1240, 0.1258],
        [0.1227, 0.1191, 0.1216, 0.1245, 0.1271, 0.1249, 0.1268, 0.1334],
        [0.1180, 0.1172, 0.1221, 0.1263, 0.1244, 0.1260, 0.1239, 0.1422]],
       device='cuda:0', grad_fn=<SoftmaxBackward>)
tensor([[0.1284, 0.1233, 0.1272, 0.1221, 0.1211, 0.1238, 0.1248, 0.1293],
        [0.1227, 0.1199, 0.1246, 0.1255, 0.1279, 0.1233, 0.1247, 0.1315],
        [0.1189, 0.1155, 0.1243, 0.1248, 0.1224, 0.1257, 0.1246, 0.1439],
        [0.1170, 0.1165, 0.1209, 0.1233, 0.1247, 0.1262, 0.1249, 0.1465]],
       device='cuda:0', grad_fn=<SoftmaxBackward>)
tensor([[0.1273, 0.1225, 0.1264, 0.1242, 0.1232, 0.1241, 0.1237, 0.1286],
        [0.1225, 0.1196, 0.1235, 0.1245, 0.1264, 0.1240, 0.1237, 0.1357],
        [0.1198, 0.1166, 0.1241, 0.1259, 0.1265, 0.1246, 0.1223, 0.1402],
        [0.1174, 0.1174, 0.1213, 0.1240, 0.1260, 0.1245, 0.1243, 0.1450],
        [0.1174, 0.1157, 0.1200, 0.1245, 0.1256, 0.1251, 0.1260, 0.1459]],
       device='cuda:0', grad_fn=<SoftmaxBackward>)

# Alpha - reduce
tensor([[0.1254, 0.1267, 0.1261, 0.1261, 0.1252, 0.1234, 0.1238, 0.1231],
        [0.1261, 0.1235, 0.1249, 0.1254, 0.1246, 0.1242, 0.1240, 0.1273]],
       device='cuda:0', grad_fn=<SoftmaxBackward>)
tensor([[0.1300, 0.1263, 0.1255, 0.1250, 0.1259, 0.1252, 0.1240, 0.1181],
        [0.1264, 0.1237, 0.1260, 0.1241, 0.1238, 0.1258, 0.1251, 0.1251],
        [0.1226, 0.1208, 0.1269, 0.1258, 0.1233, 0.1246, 0.1248, 0.1312]],
       device='cuda:0', grad_fn=<SoftmaxBackward>)
tensor([[0.1309, 0.1267, 0.1269, 0.1242, 0.1259, 0.1253, 0.1228, 0.1172],
        [0.1277, 0.1245, 0.1252, 0.1253, 0.1261, 0.1251, 0.1256, 0.1204],
        [0.1239, 0.1225, 0.1250, 0.1232, 0.1261, 0.1247, 0.1243, 0.1303],
        [0.1226, 0.1219, 0.1269, 0.1254, 0.1260, 0.1229, 0.1243, 0.1300]],
       device='cuda:0', grad_fn=<SoftmaxBackward>)
tensor([[0.1285, 0.1250, 0.1264, 0.1244, 0.1248, 0.1238, 0.1254, 0.1217],
        [0.1301, 0.1265, 0.1229, 0.1249, 0.1241, 0.1240, 0.1245, 0.1229],
        [0.1243, 0.1224, 0.1247, 0.1271, 0.1227, 0.1225, 0.1247, 0.1315],
        [0.1239, 0.1218, 0.1279, 0.1259, 0.1236, 0.1258, 0.1239, 0.1273],
        [0.1224, 0.1212, 0.1259, 0.1247, 0.1259, 0.1238, 0.1243, 0.1318]],
       device='cuda:0', grad_fn=<SoftmaxBackward>)
#####################

10/15 06:33:31 PM | Train: [ 4/100] Step 000/390 Loss 1.940 Prec@(1,5) (34.4%, 84.4%)
10/15 06:34:15 PM | Train: [ 4/100] Step 050/390 Loss 1.738 Prec@(1,5) (35.4%, 88.0%)
10/15 06:34:59 PM | Train: [ 4/100] Step 100/390 Loss 1.727 Prec@(1,5) (35.4%, 88.2%)
10/15 06:35:44 PM | Train: [ 4/100] Step 150/390 Loss 1.728 Prec@(1,5) (35.3%, 88.0%)
10/15 06:36:28 PM | Train: [ 4/100] Step 200/390 Loss 1.719 Prec@(1,5) (35.8%, 88.0%)
10/15 06:37:12 PM | Train: [ 4/100] Step 250/390 Loss 1.714 Prec@(1,5) (35.9%, 88.1%)
10/15 06:37:54 PM | Train: [ 4/100] Step 300/390 Loss 1.704 Prec@(1,5) (36.1%, 88.2%)
10/15 06:38:37 PM | Train: [ 4/100] Step 350/390 Loss 1.695 Prec@(1,5) (36.4%, 88.3%)
10/15 06:39:11 PM | Train: [ 4/100] Step 390/390 Loss 1.693 Prec@(1,5) (36.5%, 88.4%)
10/15 06:39:12 PM | Train: [ 4/100] Final Prec@1 36.5400%
10/15 06:39:12 PM | Valid: [ 4/100] Step 000/390 Loss 1.779 Prec@(1,5) (34.4%, 87.5%)
10/15 06:39:17 PM | Valid: [ 4/100] Step 050/390 Loss 1.686 Prec@(1,5) (34.8%, 88.3%)
10/15 06:39:23 PM | Valid: [ 4/100] Step 100/390 Loss 1.685 Prec@(1,5) (35.0%, 88.3%)
10/15 06:39:28 PM | Valid: [ 4/100] Step 150/390 Loss 1.684 Prec@(1,5) (35.1%, 88.3%)
10/15 06:39:34 PM | Valid: [ 4/100] Step 200/390 Loss 1.678 Prec@(1,5) (35.3%, 88.4%)
10/15 06:39:39 PM | Valid: [ 4/100] Step 250/390 Loss 1.673 Prec@(1,5) (35.5%, 88.5%)
10/15 06:39:44 PM | Valid: [ 4/100] Step 300/390 Loss 1.671 Prec@(1,5) (35.5%, 88.5%)
10/15 06:39:50 PM | Valid: [ 4/100] Step 350/390 Loss 1.669 Prec@(1,5) (35.7%, 88.6%)
10/15 06:39:54 PM | Valid: [ 4/100] Step 390/390 Loss 1.670 Prec@(1,5) (35.6%, 88.5%)
10/15 06:39:54 PM | Valid: [ 4/100] Final Prec@1 35.6160%
10/15 06:39:54 PM | genotype = Genotype(normal=[[('skip_connect', 0), ('sep_conv_5x5', 1)], [('skip_connect', 0), ('sep_conv_5x5', 1)], [('max_pool_3x3', 0), ('sep_conv_5x5', 1)], [('max_pool_3x3', 0), ('sep_conv_5x5', 1)]], normal_concat=range(2, 6), reduce=[[('avg_pool_3x3', 0), ('max_pool_3x3', 1)], [('max_pool_3x3', 0), ('skip_connect', 2)], [('max_pool_3x3', 0), ('max_pool_3x3', 1)], [('max_pool_3x3', 1), ('max_pool_3x3', 0)]], reduce_concat=range(2, 6))
####### ALPHA #######
# Alpha - normal
tensor([[0.1260, 0.1220, 0.1300, 0.1248, 0.1257, 0.1258, 0.1237, 0.1219],
        [0.1226, 0.1202, 0.1212, 0.1234, 0.1260, 0.1209, 0.1256, 0.1402]],
       device='cuda:0', grad_fn=<SoftmaxBackward>)
tensor([[0.1246, 0.1260, 0.1272, 0.1254, 0.1254, 0.1246, 0.1228, 0.1241],
        [0.1221, 0.1186, 0.1218, 0.1242, 0.1273, 0.1245, 0.1257, 0.1358],
        [0.1166, 0.1157, 0.1219, 0.1248, 0.1243, 0.1255, 0.1227, 0.1486]],
       device='cuda:0', grad_fn=<SoftmaxBackward>)
tensor([[0.1289, 0.1231, 0.1284, 0.1219, 0.1206, 0.1230, 0.1249, 0.1292],
        [0.1225, 0.1192, 0.1249, 0.1253, 0.1282, 0.1218, 0.1245, 0.1336],
        [0.1161, 0.1137, 0.1246, 0.1234, 0.1229, 0.1242, 0.1244, 0.1508],
        [0.1147, 0.1139, 0.1203, 0.1231, 0.1245, 0.1249, 0.1247, 0.1540]],
       device='cuda:0', grad_fn=<SoftmaxBackward>)
tensor([[0.1284, 0.1221, 0.1273, 0.1245, 0.1229, 0.1232, 0.1237, 0.1278],
        [0.1222, 0.1187, 0.1233, 0.1247, 0.1269, 0.1219, 0.1244, 0.1379],
        [0.1168, 0.1153, 0.1241, 0.1254, 0.1260, 0.1233, 0.1223, 0.1467],
        [0.1151, 0.1151, 0.1194, 0.1236, 0.1267, 0.1247, 0.1240, 0.1515],
        [0.1154, 0.1134, 0.1179, 0.1239, 0.1261, 0.1244, 0.1250, 0.1540]],
       device='cuda:0', grad_fn=<SoftmaxBackward>)

# Alpha - reduce
tensor([[0.1249, 0.1273, 0.1263, 0.1258, 0.1255, 0.1239, 0.1242, 0.1222],
        [0.1260, 0.1237, 0.1253, 0.1248, 0.1251, 0.1250, 0.1231, 0.1271]],
       device='cuda:0', grad_fn=<SoftmaxBackward>)
tensor([[0.1299, 0.1262, 0.1261, 0.1255, 0.1255, 0.1247, 0.1241, 0.1181],
        [0.1275, 0.1248, 0.1264, 0.1231, 0.1232, 0.1251, 0.1248, 0.1251],
        [0.1223, 0.1203, 0.1282, 0.1264, 0.1216, 0.1241, 0.1251, 0.1319]],
       device='cuda:0', grad_fn=<SoftmaxBackward>)
tensor([[0.1314, 0.1274, 0.1271, 0.1241, 0.1255, 0.1258, 0.1238, 0.1149],
        [0.1297, 0.1248, 0.1259, 0.1252, 0.1257, 0.1233, 0.1251, 0.1204],
        [0.1239, 0.1213, 0.1253, 0.1236, 0.1262, 0.1247, 0.1246, 0.1304],
        [0.1217, 0.1203, 0.1273, 0.1255, 0.1258, 0.1234, 0.1239, 0.1323]],
       device='cuda:0', grad_fn=<SoftmaxBackward>)
tensor([[0.1290, 0.1263, 0.1262, 0.1244, 0.1256, 0.1235, 0.1250, 0.1201],
        [0.1313, 0.1270, 0.1237, 0.1247, 0.1232, 0.1243, 0.1243, 0.1214],
        [0.1243, 0.1211, 0.1258, 0.1269, 0.1223, 0.1229, 0.1238, 0.1330],
        [0.1227, 0.1208, 0.1277, 0.1262, 0.1234, 0.1249, 0.1241, 0.1302],
        [0.1212, 0.1197, 0.1264, 0.1241, 0.1267, 0.1234, 0.1246, 0.1340]],
       device='cuda:0', grad_fn=<SoftmaxBackward>)
#####################

10/15 06:39:56 PM | Train: [ 5/100] Step 000/390 Loss 1.647 Prec@(1,5) (37.5%, 85.9%)
10/15 06:40:39 PM | Train: [ 5/100] Step 050/390 Loss 1.659 Prec@(1,5) (38.5%, 88.9%)
10/15 06:41:25 PM | Train: [ 5/100] Step 100/390 Loss 1.665 Prec@(1,5) (37.9%, 88.7%)
10/15 06:42:10 PM | Train: [ 5/100] Step 150/390 Loss 1.647 Prec@(1,5) (38.8%, 89.3%)
10/15 06:42:55 PM | Train: [ 5/100] Step 200/390 Loss 1.636 Prec@(1,5) (38.8%, 89.5%)
10/15 06:43:40 PM | Train: [ 5/100] Step 250/390 Loss 1.635 Prec@(1,5) (38.9%, 89.6%)
10/15 06:44:25 PM | Train: [ 5/100] Step 300/390 Loss 1.630 Prec@(1,5) (39.1%, 89.6%)
10/15 06:45:09 PM | Train: [ 5/100] Step 350/390 Loss 1.628 Prec@(1,5) (39.1%, 89.7%)
10/15 06:45:44 PM | Train: [ 5/100] Step 390/390 Loss 1.625 Prec@(1,5) (39.3%, 89.6%)
10/15 06:45:44 PM | Train: [ 5/100] Final Prec@1 39.2840%
10/15 06:45:45 PM | Valid: [ 5/100] Step 000/390 Loss 1.617 Prec@(1,5) (40.6%, 90.6%)
10/15 06:45:51 PM | Valid: [ 5/100] Step 050/390 Loss 1.596 Prec@(1,5) (42.5%, 90.7%)
10/15 06:45:56 PM | Valid: [ 5/100] Step 100/390 Loss 1.626 Prec@(1,5) (41.6%, 90.3%)
10/15 06:46:02 PM | Valid: [ 5/100] Step 150/390 Loss 1.633 Prec@(1,5) (41.6%, 90.3%)
10/15 06:46:08 PM | Valid: [ 5/100] Step 200/390 Loss 1.631 Prec@(1,5) (41.5%, 90.3%)
10/15 06:46:13 PM | Valid: [ 5/100] Step 250/390 Loss 1.634 Prec@(1,5) (41.4%, 90.2%)
10/15 06:46:19 PM | Valid: [ 5/100] Step 300/390 Loss 1.626 Prec@(1,5) (41.4%, 90.4%)
10/15 06:46:25 PM | Valid: [ 5/100] Step 350/390 Loss 1.627 Prec@(1,5) (41.4%, 90.3%)
10/15 06:46:29 PM | Valid: [ 5/100] Step 390/390 Loss 1.622 Prec@(1,5) (41.5%, 90.5%)
10/15 06:46:29 PM | Valid: [ 5/100] Final Prec@1 41.5160%
10/15 06:46:29 PM | genotype = Genotype(normal=[[('skip_connect', 0), ('sep_conv_5x5', 1)], [('skip_connect', 0), ('sep_conv_5x5', 1)], [('max_pool_3x3', 0), ('sep_conv_5x5', 1)], [('max_pool_3x3', 0), ('sep_conv_5x5', 1)]], normal_concat=range(2, 6), reduce=[[('avg_pool_3x3', 0), ('max_pool_3x3', 1)], [('max_pool_3x3', 1), ('max_pool_3x3', 0)], [('max_pool_3x3', 0), ('max_pool_3x3', 1)], [('max_pool_3x3', 1), ('max_pool_3x3', 0)]], reduce_concat=range(2, 6))
####### ALPHA #######
# Alpha - normal
tensor([[0.1273, 0.1212, 0.1316, 0.1255, 0.1254, 0.1258, 0.1235, 0.1198],
        [0.1209, 0.1197, 0.1207, 0.1229, 0.1263, 0.1212, 0.1251, 0.1433]],
       device='cuda:0', grad_fn=<SoftmaxBackward>)
tensor([[0.1253, 0.1261, 0.1293, 0.1248, 0.1246, 0.1239, 0.1234, 0.1227],
        [0.1207, 0.1166, 0.1216, 0.1244, 0.1291, 0.1229, 0.1261, 0.1385],
        [0.1142, 0.1143, 0.1216, 0.1229, 0.1250, 0.1255, 0.1218, 0.1547]],
       device='cuda:0', grad_fn=<SoftmaxBackward>)
tensor([[0.1305, 0.1220, 0.1296, 0.1210, 0.1224, 0.1212, 0.1253, 0.1280],
        [0.1222, 0.1188, 0.1247, 0.1252, 0.1284, 0.1210, 0.1241, 0.1355],
        [0.1136, 0.1120, 0.1247, 0.1229, 0.1210, 0.1240, 0.1234, 0.1584],
        [0.1124, 0.1118, 0.1196, 0.1222, 0.1248, 0.1235, 0.1236, 0.1621]],
       device='cuda:0', grad_fn=<SoftmaxBackward>)
tensor([[0.1301, 0.1210, 0.1282, 0.1242, 0.1225, 0.1231, 0.1233, 0.1275],
        [0.1218, 0.1178, 0.1225, 0.1234, 0.1277, 0.1217, 0.1253, 0.1399],
        [0.1151, 0.1144, 0.1244, 0.1244, 0.1260, 0.1225, 0.1215, 0.1517],
        [0.1128, 0.1138, 0.1186, 0.1215, 0.1269, 0.1245, 0.1238, 0.1582],
        [0.1130, 0.1119, 0.1156, 0.1228, 0.1261, 0.1241, 0.1247, 0.1619]],
       device='cuda:0', grad_fn=<SoftmaxBackward>)

# Alpha - reduce
tensor([[0.1255, 0.1276, 0.1264, 0.1255, 0.1256, 0.1238, 0.1241, 0.1214],
        [0.1276, 0.1247, 0.1248, 0.1243, 0.1246, 0.1245, 0.1227, 0.1268]],
       device='cuda:0', grad_fn=<SoftmaxBackward>)
tensor([[0.1302, 0.1271, 0.1271, 0.1249, 0.1257, 0.1240, 0.1234, 0.1177],
        [0.1304, 0.1249, 0.1263, 0.1230, 0.1237, 0.1240, 0.1245, 0.1232],
        [0.1211, 0.1192, 0.1270, 0.1254, 0.1228, 0.1256, 0.1250, 0.1339]],
       device='cuda:0', grad_fn=<SoftmaxBackward>)
tensor([[0.1328, 0.1289, 0.1267, 0.1241, 0.1272, 0.1259, 0.1221, 0.1123],
        [0.1315, 0.1253, 0.1270, 0.1243, 0.1261, 0.1225, 0.1240, 0.1193],
        [0.1227, 0.1202, 0.1260, 0.1229, 0.1266, 0.1241, 0.1244, 0.1331],
        [0.1211, 0.1194, 0.1278, 0.1241, 0.1260, 0.1228, 0.1239, 0.1348]],
       device='cuda:0', grad_fn=<SoftmaxBackward>)
tensor([[0.1307, 0.1260, 0.1260, 0.1245, 0.1260, 0.1235, 0.1252, 0.1183],
        [0.1334, 0.1276, 0.1227, 0.1247, 0.1236, 0.1234, 0.1241, 0.1204],
        [0.1243, 0.1204, 0.1259, 0.1256, 0.1219, 0.1216, 0.1242, 0.1360],
        [0.1217, 0.1200, 0.1284, 0.1258, 0.1228, 0.1243, 0.1247, 0.1322],
        [0.1204, 0.1184, 0.1268, 0.1239, 0.1278, 0.1221, 0.1237, 0.1368]],
       device='cuda:0', grad_fn=<SoftmaxBackward>)
#####################

10/15 06:46:31 PM | Train: [ 6/100] Step 000/390 Loss 1.281 Prec@(1,5) (54.7%, 100.0%)
10/15 06:47:15 PM | Train: [ 6/100] Step 050/390 Loss 1.558 Prec@(1,5) (42.4%, 90.8%)
10/15 06:47:59 PM | Train: [ 6/100] Step 100/390 Loss 1.543 Prec@(1,5) (42.1%, 91.2%)
10/15 06:48:42 PM | Train: [ 6/100] Step 150/390 Loss 1.555 Prec@(1,5) (42.0%, 90.8%)
10/15 06:49:27 PM | Train: [ 6/100] Step 200/390 Loss 1.556 Prec@(1,5) (41.9%, 90.8%)
10/15 06:50:11 PM | Train: [ 6/100] Step 250/390 Loss 1.552 Prec@(1,5) (42.0%, 91.0%)
10/15 06:50:54 PM | Train: [ 6/100] Step 300/390 Loss 1.552 Prec@(1,5) (41.9%, 91.0%)
10/15 06:51:38 PM | Train: [ 6/100] Step 350/390 Loss 1.551 Prec@(1,5) (42.0%, 91.0%)
10/15 06:52:13 PM | Train: [ 6/100] Step 390/390 Loss 1.551 Prec@(1,5) (42.1%, 90.9%)
10/15 06:52:13 PM | Train: [ 6/100] Final Prec@1 42.0720%
10/15 06:52:14 PM | Valid: [ 6/100] Step 000/390 Loss 1.866 Prec@(1,5) (39.1%, 93.8%)
10/15 06:52:19 PM | Valid: [ 6/100] Step 050/390 Loss 1.803 Prec@(1,5) (39.0%, 89.0%)
10/15 06:52:24 PM | Valid: [ 6/100] Step 100/390 Loss 1.775 Prec@(1,5) (40.2%, 89.7%)
10/15 06:52:29 PM | Valid: [ 6/100] Step 150/390 Loss 1.773 Prec@(1,5) (39.7%, 89.7%)
10/15 06:52:34 PM | Valid: [ 6/100] Step 200/390 Loss 1.777 Prec@(1,5) (39.7%, 89.7%)
10/15 06:52:38 PM | Valid: [ 6/100] Step 250/390 Loss 1.768 Prec@(1,5) (40.1%, 89.8%)
10/15 06:52:43 PM | Valid: [ 6/100] Step 300/390 Loss 1.778 Prec@(1,5) (39.7%, 89.7%)
10/15 06:52:48 PM | Valid: [ 6/100] Step 350/390 Loss 1.780 Prec@(1,5) (39.6%, 89.7%)
10/15 06:52:52 PM | Valid: [ 6/100] Step 390/390 Loss 1.775 Prec@(1,5) (39.7%, 89.8%)
10/15 06:52:52 PM | Valid: [ 6/100] Final Prec@1 39.6760%
10/15 06:52:52 PM | genotype = Genotype(normal=[[('skip_connect', 0), ('sep_conv_5x5', 1)], [('skip_connect', 0), ('sep_conv_5x5', 1)], [('max_pool_3x3', 0), ('sep_conv_5x5', 1)], [('max_pool_3x3', 0), ('sep_conv_5x5', 1)]], normal_concat=range(2, 6), reduce=[[('max_pool_3x3', 1), ('avg_pool_3x3', 0)], [('max_pool_3x3', 1), ('max_pool_3x3', 0)], [('max_pool_3x3', 0), ('max_pool_3x3', 1)], [('max_pool_3x3', 1), ('max_pool_3x3', 0)]], reduce_concat=range(2, 6))
####### ALPHA #######
# Alpha - normal
tensor([[0.1264, 0.1202, 0.1315, 0.1268, 0.1265, 0.1263, 0.1232, 0.1191],
        [0.1187, 0.1185, 0.1219, 0.1229, 0.1265, 0.1214, 0.1250, 0.1451]],
       device='cuda:0', grad_fn=<SoftmaxBackward>)
tensor([[0.1253, 0.1252, 0.1310, 0.1241, 0.1242, 0.1242, 0.1235, 0.1225],
        [0.1210, 0.1159, 0.1224, 0.1242, 0.1289, 0.1224, 0.1246, 0.1407],
        [0.1125, 0.1118, 0.1219, 0.1214, 0.1241, 0.1243, 0.1203, 0.1637]],
       device='cuda:0', grad_fn=<SoftmaxBackward>)
tensor([[0.1335, 0.1215, 0.1297, 0.1190, 0.1227, 0.1214, 0.1250, 0.1273],
        [0.1216, 0.1180, 0.1246, 0.1261, 0.1279, 0.1205, 0.1239, 0.1375],
        [0.1119, 0.1091, 0.1252, 0.1218, 0.1208, 0.1226, 0.1222, 0.1665],
        [0.1102, 0.1087, 0.1182, 0.1216, 0.1241, 0.1232, 0.1235, 0.1705]],
       device='cuda:0', grad_fn=<SoftmaxBackward>)
tensor([[0.1316, 0.1203, 0.1274, 0.1238, 0.1232, 0.1220, 0.1242, 0.1275],
        [0.1225, 0.1175, 0.1225, 0.1232, 0.1264, 0.1206, 0.1256, 0.1417],
        [0.1139, 0.1138, 0.1244, 0.1232, 0.1258, 0.1208, 0.1203, 0.1578],
        [0.1111, 0.1122, 0.1178, 0.1200, 0.1273, 0.1230, 0.1231, 0.1655],
        [0.1111, 0.1098, 0.1149, 0.1214, 0.1255, 0.1230, 0.1240, 0.1703]],
       device='cuda:0', grad_fn=<SoftmaxBackward>)

# Alpha - reduce
tensor([[0.1262, 0.1272, 0.1256, 0.1256, 0.1253, 0.1246, 0.1236, 0.1219],
        [0.1281, 0.1259, 0.1251, 0.1238, 0.1242, 0.1240, 0.1216, 0.1274]],
       device='cuda:0', grad_fn=<SoftmaxBackward>)
tensor([[0.1309, 0.1268, 0.1266, 0.1257, 0.1256, 0.1233, 0.1236, 0.1173],
        [0.1329, 0.1253, 0.1263, 0.1235, 0.1242, 0.1237, 0.1231, 0.1210],
        [0.1201, 0.1171, 0.1264, 0.1256, 0.1227, 0.1254, 0.1261, 0.1366]],
       device='cuda:0', grad_fn=<SoftmaxBackward>)
tensor([[0.1337, 0.1308, 0.1266, 0.1231, 0.1285, 0.1246, 0.1215, 0.1111],
        [0.1327, 0.1256, 0.1284, 0.1221, 0.1276, 0.1225, 0.1241, 0.1170],
        [0.1212, 0.1187, 0.1253, 0.1236, 0.1272, 0.1244, 0.1245, 0.1351],
        [0.1186, 0.1198, 0.1270, 0.1240, 0.1272, 0.1238, 0.1240, 0.1357]],
       device='cuda:0', grad_fn=<SoftmaxBackward>)
tensor([[0.1313, 0.1260, 0.1254, 0.1241, 0.1267, 0.1236, 0.1255, 0.1174],
        [0.1344, 0.1285, 0.1231, 0.1250, 0.1236, 0.1230, 0.1233, 0.1192],
        [0.1237, 0.1185, 0.1256, 0.1258, 0.1214, 0.1225, 0.1239, 0.1385],
        [0.1204, 0.1182, 0.1284, 0.1251, 0.1226, 0.1248, 0.1260, 0.1345],
        [0.1190, 0.1166, 0.1266, 0.1233, 0.1289, 0.1219, 0.1246, 0.1390]],
       device='cuda:0', grad_fn=<SoftmaxBackward>)
#####################

10/15 06:52:54 PM | Train: [ 7/100] Step 000/390 Loss 1.519 Prec@(1,5) (46.9%, 95.3%)
10/15 06:53:37 PM | Train: [ 7/100] Step 050/390 Loss 1.496 Prec@(1,5) (44.6%, 91.5%)
10/15 06:54:19 PM | Train: [ 7/100] Step 100/390 Loss 1.488 Prec@(1,5) (44.4%, 91.8%)
10/15 06:55:02 PM | Train: [ 7/100] Step 150/390 Loss 1.490 Prec@(1,5) (44.4%, 91.7%)
10/15 06:55:44 PM | Train: [ 7/100] Step 200/390 Loss 1.494 Prec@(1,5) (44.3%, 91.6%)
10/15 06:56:26 PM | Train: [ 7/100] Step 250/390 Loss 1.492 Prec@(1,5) (44.6%, 91.5%)
10/15 06:57:08 PM | Train: [ 7/100] Step 300/390 Loss 1.487 Prec@(1,5) (44.7%, 91.6%)
10/15 06:57:53 PM | Train: [ 7/100] Step 350/390 Loss 1.484 Prec@(1,5) (44.7%, 91.7%)
10/15 06:58:27 PM | Train: [ 7/100] Step 390/390 Loss 1.483 Prec@(1,5) (44.7%, 91.8%)
10/15 06:58:27 PM | Train: [ 7/100] Final Prec@1 44.7120%
10/15 06:58:27 PM | Valid: [ 7/100] Step 000/390 Loss 1.681 Prec@(1,5) (42.2%, 90.6%)
10/15 06:58:33 PM | Valid: [ 7/100] Step 050/390 Loss 1.725 Prec@(1,5) (40.7%, 91.2%)
10/15 06:58:38 PM | Valid: [ 7/100] Step 100/390 Loss 1.713 Prec@(1,5) (42.1%, 91.0%)
10/15 06:58:44 PM | Valid: [ 7/100] Step 150/390 Loss 1.740 Prec@(1,5) (41.5%, 90.6%)
10/15 06:58:49 PM | Valid: [ 7/100] Step 200/390 Loss 1.729 Prec@(1,5) (41.8%, 90.5%)
10/15 06:58:54 PM | Valid: [ 7/100] Step 250/390 Loss 1.717 Prec@(1,5) (41.9%, 90.6%)
10/15 06:59:00 PM | Valid: [ 7/100] Step 300/390 Loss 1.725 Prec@(1,5) (41.9%, 90.5%)
10/15 06:59:05 PM | Valid: [ 7/100] Step 350/390 Loss 1.722 Prec@(1,5) (42.0%, 90.5%)
10/15 06:59:10 PM | Valid: [ 7/100] Step 390/390 Loss 1.723 Prec@(1,5) (42.0%, 90.5%)
10/15 06:59:10 PM | Valid: [ 7/100] Final Prec@1 41.9640%
10/15 06:59:10 PM | genotype = Genotype(normal=[[('skip_connect', 0), ('sep_conv_5x5', 1)], [('skip_connect', 0), ('sep_conv_5x5', 1)], [('max_pool_3x3', 0), ('sep_conv_5x5', 1)], [('max_pool_3x3', 0), ('sep_conv_5x5', 1)]], normal_concat=range(2, 6), reduce=[[('max_pool_3x3', 1), ('avg_pool_3x3', 0)], [('max_pool_3x3', 1), ('max_pool_3x3', 0)], [('max_pool_3x3', 0), ('max_pool_3x3', 1)], [('max_pool_3x3', 1), ('max_pool_3x3', 0)]], reduce_concat=range(2, 6))
####### ALPHA #######
# Alpha - normal
tensor([[0.1250, 0.1202, 0.1318, 0.1280, 0.1274, 0.1266, 0.1232, 0.1179],
        [0.1198, 0.1175, 0.1233, 0.1218, 0.1254, 0.1207, 0.1239, 0.1476]],
       device='cuda:0', grad_fn=<SoftmaxBackward>)
tensor([[0.1250, 0.1243, 0.1316, 0.1242, 0.1260, 0.1240, 0.1236, 0.1211],
        [0.1208, 0.1152, 0.1218, 0.1242, 0.1298, 0.1218, 0.1239, 0.1424],
        [0.1098, 0.1091, 0.1220, 0.1214, 0.1247, 0.1231, 0.1187, 0.1711]],
       device='cuda:0', grad_fn=<SoftmaxBackward>)
tensor([[0.1342, 0.1212, 0.1306, 0.1188, 0.1235, 0.1199, 0.1249, 0.1269],
        [0.1219, 0.1169, 0.1244, 0.1252, 0.1274, 0.1199, 0.1242, 0.1401],
        [0.1101, 0.1072, 0.1250, 0.1205, 0.1208, 0.1214, 0.1214, 0.1737],
        [0.1092, 0.1068, 0.1176, 0.1201, 0.1240, 0.1221, 0.1223, 0.1778]],
       device='cuda:0', grad_fn=<SoftmaxBackward>)
tensor([[0.1335, 0.1207, 0.1280, 0.1233, 0.1229, 0.1202, 0.1248, 0.1267],
        [0.1223, 0.1163, 0.1219, 0.1232, 0.1264, 0.1202, 0.1252, 0.1445],
        [0.1134, 0.1119, 0.1248, 0.1211, 0.1252, 0.1195, 0.1205, 0.1635],
        [0.1096, 0.1106, 0.1167, 0.1204, 0.1270, 0.1210, 0.1213, 0.1733],
        [0.1085, 0.1087, 0.1132, 0.1208, 0.1250, 0.1212, 0.1233, 0.1792]],
       device='cuda:0', grad_fn=<SoftmaxBackward>)

# Alpha - reduce
tensor([[0.1263, 0.1278, 0.1255, 0.1251, 0.1261, 0.1244, 0.1229, 0.1218],
        [0.1292, 0.1250, 0.1258, 0.1225, 0.1250, 0.1241, 0.1216, 0.1268]],
       device='cuda:0', grad_fn=<SoftmaxBackward>)
tensor([[0.1322, 0.1273, 0.1279, 0.1249, 0.1263, 0.1232, 0.1226, 0.1157],
        [0.1339, 0.1254, 0.1266, 0.1236, 0.1254, 0.1234, 0.1223, 0.1194],
        [0.1189, 0.1151, 0.1266, 0.1255, 0.1226, 0.1253, 0.1258, 0.1402]],
       device='cuda:0', grad_fn=<SoftmaxBackward>)
tensor([[0.1351, 0.1310, 0.1279, 0.1232, 0.1295, 0.1229, 0.1208, 0.1096],
        [0.1338, 0.1269, 0.1278, 0.1215, 0.1294, 0.1219, 0.1238, 0.1150],
        [0.1209, 0.1165, 0.1252, 0.1232, 0.1275, 0.1243, 0.1250, 0.1374],
        [0.1172, 0.1184, 0.1268, 0.1242, 0.1285, 0.1230, 0.1235, 0.1385]],
       device='cuda:0', grad_fn=<SoftmaxBackward>)
tensor([[0.1331, 0.1260, 0.1249, 0.1240, 0.1273, 0.1227, 0.1259, 0.1160],
        [0.1362, 0.1292, 0.1234, 0.1251, 0.1222, 0.1224, 0.1230, 0.1186],
        [0.1241, 0.1172, 0.1255, 0.1256, 0.1210, 0.1222, 0.1241, 0.1404],
        [0.1190, 0.1166, 0.1294, 0.1254, 0.1216, 0.1251, 0.1257, 0.1373],
        [0.1186, 0.1154, 0.1268, 0.1221, 0.1297, 0.1215, 0.1239, 0.1420]],
       device='cuda:0', grad_fn=<SoftmaxBackward>)
#####################

10/15 06:59:11 PM | Train: [ 8/100] Step 000/390 Loss 1.511 Prec@(1,5) (45.3%, 92.2%)
10/15 06:59:55 PM | Train: [ 8/100] Step 050/390 Loss 1.450 Prec@(1,5) (46.0%, 92.6%)
10/15 07:00:40 PM | Train: [ 8/100] Step 100/390 Loss 1.466 Prec@(1,5) (45.7%, 92.4%)
10/15 07:01:25 PM | Train: [ 8/100] Step 150/390 Loss 1.450 Prec@(1,5) (46.1%, 92.5%)
10/15 07:02:10 PM | Train: [ 8/100] Step 200/390 Loss 1.448 Prec@(1,5) (46.2%, 92.3%)
10/15 07:02:55 PM | Train: [ 8/100] Step 250/390 Loss 1.444 Prec@(1,5) (46.2%, 92.5%)
10/15 07:03:40 PM | Train: [ 8/100] Step 300/390 Loss 1.438 Prec@(1,5) (46.5%, 92.5%)
10/15 07:04:25 PM | Train: [ 8/100] Step 350/390 Loss 1.434 Prec@(1,5) (46.7%, 92.6%)
10/15 07:05:01 PM | Train: [ 8/100] Step 390/390 Loss 1.424 Prec@(1,5) (47.1%, 92.7%)
10/15 07:05:01 PM | Train: [ 8/100] Final Prec@1 47.0640%
10/15 07:05:01 PM | Valid: [ 8/100] Step 000/390 Loss 1.637 Prec@(1,5) (39.1%, 92.2%)
10/15 07:05:07 PM | Valid: [ 8/100] Step 050/390 Loss 1.736 Prec@(1,5) (36.2%, 86.3%)
10/15 07:05:12 PM | Valid: [ 8/100] Step 100/390 Loss 1.726 Prec@(1,5) (36.5%, 86.1%)
10/15 07:05:17 PM | Valid: [ 8/100] Step 150/390 Loss 1.718 Prec@(1,5) (36.5%, 86.2%)
10/15 07:05:22 PM | Valid: [ 8/100] Step 200/390 Loss 1.712 Prec@(1,5) (37.0%, 86.2%)
10/15 07:05:27 PM | Valid: [ 8/100] Step 250/390 Loss 1.709 Prec@(1,5) (37.3%, 86.2%)
10/15 07:05:32 PM | Valid: [ 8/100] Step 300/390 Loss 1.706 Prec@(1,5) (37.5%, 86.3%)
10/15 07:05:37 PM | Valid: [ 8/100] Step 350/390 Loss 1.701 Prec@(1,5) (37.7%, 86.4%)
10/15 07:05:41 PM | Valid: [ 8/100] Step 390/390 Loss 1.701 Prec@(1,5) (37.8%, 86.3%)
10/15 07:05:41 PM | Valid: [ 8/100] Final Prec@1 37.7520%
10/15 07:05:41 PM | genotype = Genotype(normal=[[('skip_connect', 0), ('sep_conv_5x5', 1)], [('skip_connect', 0), ('sep_conv_5x5', 1)], [('max_pool_3x3', 0), ('sep_conv_5x5', 1)], [('max_pool_3x3', 0), ('sep_conv_5x5', 1)]], normal_concat=range(2, 6), reduce=[[('max_pool_3x3', 1), ('avg_pool_3x3', 0)], [('max_pool_3x3', 1), ('max_pool_3x3', 0)], [('max_pool_3x3', 0), ('max_pool_3x3', 1)], [('max_pool_3x3', 1), ('max_pool_3x3', 0)]], reduce_concat=range(2, 6))
####### ALPHA #######
# Alpha - normal
tensor([[0.1242, 0.1191, 0.1313, 0.1287, 0.1269, 0.1279, 0.1250, 0.1170],
        [0.1193, 0.1178, 0.1237, 0.1226, 0.1242, 0.1200, 0.1234, 0.1491]],
       device='cuda:0', grad_fn=<SoftmaxBackward>)
tensor([[0.1274, 0.1223, 0.1312, 0.1240, 0.1270, 0.1250, 0.1235, 0.1196],
        [0.1200, 0.1151, 0.1217, 0.1242, 0.1310, 0.1199, 0.1233, 0.1447],
        [0.1064, 0.1079, 0.1215, 0.1192, 0.1258, 0.1227, 0.1179, 0.1787]],
       device='cuda:0', grad_fn=<SoftmaxBackward>)
tensor([[0.1350, 0.1203, 0.1327, 0.1185, 0.1238, 0.1199, 0.1241, 0.1257],
        [0.1220, 0.1161, 0.1243, 0.1260, 0.1269, 0.1181, 0.1244, 0.1421],
        [0.1081, 0.1057, 0.1252, 0.1203, 0.1206, 0.1212, 0.1209, 0.1780],
        [0.1077, 0.1056, 0.1170, 0.1186, 0.1248, 0.1210, 0.1208, 0.1846]],
       device='cuda:0', grad_fn=<SoftmaxBackward>)
tensor([[0.1340, 0.1212, 0.1281, 0.1237, 0.1228, 0.1186, 0.1260, 0.1256],
        [0.1217, 0.1154, 0.1215, 0.1241, 0.1270, 0.1176, 0.1252, 0.1474],
        [0.1117, 0.1102, 0.1250, 0.1201, 0.1258, 0.1188, 0.1179, 0.1705],
        [0.1080, 0.1095, 0.1163, 0.1197, 0.1260, 0.1209, 0.1191, 0.1805],
        [0.1065, 0.1071, 0.1127, 0.1194, 0.1233, 0.1205, 0.1240, 0.1866]],
       device='cuda:0', grad_fn=<SoftmaxBackward>)

# Alpha - reduce
