10/08 02:23:18 PM | 
10/08 02:23:18 PM | Parameters:
10/08 02:23:18 PM | ALPHA_LR=0.0003
10/08 02:23:18 PM | ALPHA_WEIGHT_DECAY=0.001
10/08 02:23:18 PM | BATCH_SIZE=64
10/08 02:23:18 PM | DATA_PATH=./data/
10/08 02:23:18 PM | DATASET=cifar10
10/08 02:23:18 PM | EPOCHS=100
10/08 02:23:18 PM | GPUS=[0]
10/08 02:23:18 PM | HV_TYPE=0
10/08 02:23:18 PM | INIT_CHANNELS=16
10/08 02:23:18 PM | LAYERS=8
10/08 02:23:18 PM | MULTI_AVG_RANK=0
10/08 02:23:18 PM | MULTI_AVG_SIZE=0
10/08 02:23:18 PM | N_NODES=4
10/08 02:23:18 PM | NAME=cifar10
10/08 02:23:18 PM | OPS_SET=1
10/08 02:23:18 PM | PATH=searchs/cifar10
10/08 02:23:18 PM | PLOT_PATH=searchs/cifar10/plots
10/08 02:23:18 PM | PRINT_FREQ=50
10/08 02:23:18 PM | PROXYLESS=True
10/08 02:23:18 PM | SEED=2
10/08 02:23:18 PM | W_GRAD_CLIP=5.0
10/08 02:23:18 PM | W_LR=0.025
10/08 02:23:18 PM | W_LR_MIN=0.001
10/08 02:23:18 PM | W_MOMENTUM=0.9
10/08 02:23:18 PM | W_WEIGHT_DECAY=0.0003
10/08 02:23:18 PM | WORKERS=4
10/08 02:23:18 PM | 
10/08 02:23:18 PM | Logger is set - training start
####### ALPHA #######
# Alpha - normal
tensor([[0.1249, 0.1252, 0.1249, 0.1249, 0.1249, 0.1252, 0.1249, 0.1250],
        [0.1249, 0.1251, 0.1250, 0.1250, 0.1252, 0.1249, 0.1250, 0.1250]],
       device='cuda:0', grad_fn=<SoftmaxBackward>)
tensor([[0.1249, 0.1253, 0.1250, 0.1250, 0.1249, 0.1250, 0.1250, 0.1249],
        [0.1251, 0.1247, 0.1249, 0.1253, 0.1248, 0.1249, 0.1251, 0.1253],
        [0.1250, 0.1250, 0.1249, 0.1251, 0.1252, 0.1250, 0.1251, 0.1249]],
       device='cuda:0', grad_fn=<SoftmaxBackward>)
tensor([[0.1250, 0.1249, 0.1250, 0.1250, 0.1250, 0.1251, 0.1249, 0.1251],
        [0.1250, 0.1249, 0.1251, 0.1249, 0.1249, 0.1253, 0.1252, 0.1248],
        [0.1250, 0.1250, 0.1251, 0.1248, 0.1251, 0.1250, 0.1251, 0.1250],
        [0.1250, 0.1251, 0.1250, 0.1251, 0.1251, 0.1251, 0.1249, 0.1248]],
       device='cuda:0', grad_fn=<SoftmaxBackward>)
tensor([[0.1250, 0.1250, 0.1249, 0.1249, 0.1251, 0.1250, 0.1249, 0.1252],
        [0.1250, 0.1252, 0.1252, 0.1248, 0.1250, 0.1249, 0.1248, 0.1251],
        [0.1251, 0.1251, 0.1250, 0.1251, 0.1248, 0.1250, 0.1249, 0.1249],
        [0.1249, 0.1250, 0.1250, 0.1253, 0.1251, 0.1251, 0.1247, 0.1249],
        [0.1251, 0.1251, 0.1252, 0.1249, 0.1249, 0.1251, 0.1250, 0.1249]],
       device='cuda:0', grad_fn=<SoftmaxBackward>)

# Alpha - reduce
tensor([[0.1248, 0.1249, 0.1249, 0.1251, 0.1250, 0.1250, 0.1251, 0.1251],
        [0.1250, 0.1248, 0.1249, 0.1252, 0.1249, 0.1250, 0.1249, 0.1251]],
       device='cuda:0', grad_fn=<SoftmaxBackward>)
tensor([[0.1251, 0.1249, 0.1252, 0.1249, 0.1250, 0.1250, 0.1249, 0.1250],
        [0.1250, 0.1249, 0.1250, 0.1251, 0.1251, 0.1249, 0.1250, 0.1251],
        [0.1250, 0.1250, 0.1250, 0.1249, 0.1250, 0.1250, 0.1250, 0.1252]],
       device='cuda:0', grad_fn=<SoftmaxBackward>)
tensor([[0.1251, 0.1247, 0.1249, 0.1252, 0.1252, 0.1249, 0.1251, 0.1249],
        [0.1250, 0.1250, 0.1250, 0.1251, 0.1253, 0.1249, 0.1249, 0.1248],
        [0.1250, 0.1252, 0.1250, 0.1250, 0.1251, 0.1248, 0.1251, 0.1249],
        [0.1250, 0.1251, 0.1251, 0.1249, 0.1248, 0.1251, 0.1250, 0.1250]],
       device='cuda:0', grad_fn=<SoftmaxBackward>)
tensor([[0.1250, 0.1249, 0.1251, 0.1251, 0.1251, 0.1249, 0.1250, 0.1250],
        [0.1252, 0.1249, 0.1251, 0.1251, 0.1250, 0.1249, 0.1249, 0.1249],
        [0.1249, 0.1250, 0.1251, 0.1250, 0.1249, 0.1250, 0.1250, 0.1252],
        [0.1250, 0.1249, 0.1250, 0.1251, 0.1250, 0.1251, 0.1250, 0.1249],
        [0.1249, 0.1251, 0.1250, 0.1251, 0.1248, 0.1251, 0.1249, 0.1251]],
       device='cuda:0', grad_fn=<SoftmaxBackward>)
#####################
Files already downloaded and verified
10/08 02:23:25 PM | Train: [ 1/100] Step 000/390 Loss 2.335 Prec@(1,5) (7.8%, 56.2%)
10/08 02:24:01 PM | Train: [ 1/100] Step 050/390 Loss 2.358 Prec@(1,5) (14.2%, 59.8%)
10/08 02:24:37 PM | Train: [ 1/100] Step 100/390 Loss 2.378 Prec@(1,5) (14.4%, 61.7%)
10/08 02:25:12 PM | Train: [ 1/100] Step 150/390 Loss 2.368 Prec@(1,5) (15.3%, 63.2%)
10/08 02:25:47 PM | Train: [ 1/100] Step 200/390 Loss 2.365 Prec@(1,5) (16.0%, 64.5%)
10/08 02:26:22 PM | Train: [ 1/100] Step 250/390 Loss 2.355 Prec@(1,5) (16.7%, 66.3%)
10/08 02:26:56 PM | Train: [ 1/100] Step 300/390 Loss 2.359 Prec@(1,5) (17.0%, 67.0%)
10/08 02:27:31 PM | Train: [ 1/100] Step 350/390 Loss 2.341 Prec@(1,5) (17.7%, 68.4%)
10/08 02:27:59 PM | Train: [ 1/100] Step 390/390 Loss 2.331 Prec@(1,5) (17.9%, 68.9%)
10/08 02:27:59 PM | Train: [ 1/100] Final Prec@1 17.8960%
10/08 02:28:00 PM | Valid: [ 1/100] Step 000/390 Loss 2.161 Prec@(1,5) (20.3%, 67.2%)
10/08 02:28:04 PM | Valid: [ 1/100] Step 050/390 Loss 2.320 Prec@(1,5) (12.8%, 64.1%)
10/08 02:28:09 PM | Valid: [ 1/100] Step 100/390 Loss 2.332 Prec@(1,5) (12.5%, 64.0%)
10/08 02:28:13 PM | Valid: [ 1/100] Step 150/390 Loss 2.341 Prec@(1,5) (12.5%, 63.1%)
10/08 02:28:18 PM | Valid: [ 1/100] Step 200/390 Loss 2.343 Prec@(1,5) (12.5%, 62.9%)
10/08 02:28:22 PM | Valid: [ 1/100] Step 250/390 Loss 2.343 Prec@(1,5) (12.4%, 62.8%)
10/08 02:28:27 PM | Valid: [ 1/100] Step 300/390 Loss 2.345 Prec@(1,5) (12.4%, 62.7%)
10/08 02:28:32 PM | Valid: [ 1/100] Step 350/390 Loss 2.347 Prec@(1,5) (12.3%, 62.6%)
10/08 02:28:35 PM | Valid: [ 1/100] Step 390/390 Loss 2.346 Prec@(1,5) (12.5%, 62.5%)
10/08 02:28:35 PM | Valid: [ 1/100] Final Prec@1 12.4640%
10/08 02:28:35 PM | genotype = Genotype(normal=[[('dil_conv_5x5', 1), ('sep_conv_5x5', 0)], [('sep_conv_5x5', 2), ('sep_conv_5x5', 1)], [('sep_conv_3x3', 3), ('dil_conv_5x5', 1)], [('sep_conv_3x3', 2), ('dil_conv_3x3', 3)]], normal_concat=range(2, 6), reduce=[[('sep_conv_5x5', 0), ('sep_conv_5x5', 1)], [('max_pool_3x3', 0), ('sep_conv_5x5', 2)], [('skip_connect', 1), ('dil_conv_5x5', 3)], [('dil_conv_5x5', 2), ('dil_conv_5x5', 3)]], reduce_concat=range(2, 6))
####### ALPHA #######
# Alpha - normal
tensor([[0.1222, 0.1216, 0.1240, 0.1261, 0.1263, 0.1255, 0.1262, 0.1281],
        [0.1225, 0.1210, 0.1217, 0.1261, 0.1265, 0.1260, 0.1266, 0.1296]],
       device='cuda:0', grad_fn=<SoftmaxBackward>)
tensor([[0.1230, 0.1224, 0.1235, 0.1265, 0.1248, 0.1256, 0.1266, 0.1276],
        [0.1223, 0.1214, 0.1219, 0.1251, 0.1269, 0.1261, 0.1263, 0.1301],
        [0.1219, 0.1203, 0.1211, 0.1267, 0.1270, 0.1261, 0.1268, 0.1300]],
       device='cuda:0', grad_fn=<SoftmaxBackward>)
tensor([[0.1237, 0.1212, 0.1241, 0.1253, 0.1261, 0.1253, 0.1250, 0.1292],
        [0.1219, 0.1215, 0.1220, 0.1255, 0.1261, 0.1256, 0.1276, 0.1299],
        [0.1214, 0.1212, 0.1218, 0.1239, 0.1270, 0.1258, 0.1267, 0.1320],
        [0.1217, 0.1203, 0.1211, 0.1280, 0.1259, 0.1254, 0.1266, 0.1310]],
       device='cuda:0', grad_fn=<SoftmaxBackward>)
tensor([[0.1223, 0.1219, 0.1234, 0.1260, 0.1266, 0.1258, 0.1257, 0.1284],
        [0.1215, 0.1208, 0.1230, 0.1250, 0.1277, 0.1256, 0.1258, 0.1306],
        [0.1215, 0.1198, 0.1212, 0.1281, 0.1257, 0.1258, 0.1265, 0.1314],
        [0.1211, 0.1194, 0.1209, 0.1270, 0.1265, 0.1275, 0.1260, 0.1316],
        [0.1203, 0.1213, 0.1200, 0.1271, 0.1264, 0.1275, 0.1258, 0.1315]],
       device='cuda:0', grad_fn=<SoftmaxBackward>)

# Alpha - reduce
tensor([[0.1254, 0.1257, 0.1244, 0.1245, 0.1266, 0.1235, 0.1258, 0.1241],
        [0.1249, 0.1230, 0.1249, 0.1246, 0.1260, 0.1246, 0.1255, 0.1265]],
       device='cuda:0', grad_fn=<SoftmaxBackward>)
tensor([[0.1271, 0.1236, 0.1267, 0.1238, 0.1251, 0.1241, 0.1256, 0.1241],
        [0.1247, 0.1236, 0.1252, 0.1248, 0.1262, 0.1246, 0.1257, 0.1252],
        [0.1225, 0.1235, 0.1237, 0.1261, 0.1270, 0.1243, 0.1267, 0.1262]],
       device='cuda:0', grad_fn=<SoftmaxBackward>)
tensor([[0.1260, 0.1245, 0.1246, 0.1240, 0.1267, 0.1254, 0.1259, 0.1228],
        [0.1250, 0.1244, 0.1268, 0.1248, 0.1253, 0.1241, 0.1243, 0.1252],
        [0.1234, 0.1233, 0.1250, 0.1250, 0.1255, 0.1255, 0.1256, 0.1268],
        [0.1228, 0.1236, 0.1251, 0.1260, 0.1256, 0.1249, 0.1265, 0.1255]],
       device='cuda:0', grad_fn=<SoftmaxBackward>)
tensor([[0.1259, 0.1245, 0.1231, 0.1261, 0.1246, 0.1269, 0.1249, 0.1240],
        [0.1254, 0.1233, 0.1250, 0.1257, 0.1262, 0.1256, 0.1242, 0.1246],
        [0.1224, 0.1242, 0.1257, 0.1252, 0.1257, 0.1248, 0.1275, 0.1245],
        [0.1234, 0.1235, 0.1247, 0.1264, 0.1254, 0.1251, 0.1272, 0.1243],
        [0.1223, 0.1234, 0.1249, 0.1266, 0.1256, 0.1256, 0.1253, 0.1263]],
       device='cuda:0', grad_fn=<SoftmaxBackward>)
#####################

10/08 02:28:37 PM | Train: [ 2/100] Step 000/390 Loss 2.314 Prec@(1,5) (15.6%, 64.1%)
10/08 02:29:16 PM | Train: [ 2/100] Step 050/390 Loss 2.181 Prec@(1,5) (20.9%, 76.6%)
10/08 02:29:48 PM | Train: [ 2/100] Step 100/390 Loss 2.132 Prec@(1,5) (22.1%, 77.6%)
10/08 02:30:19 PM | Train: [ 2/100] Step 150/390 Loss 2.101 Prec@(1,5) (22.6%, 78.7%)
10/08 02:30:50 PM | Train: [ 2/100] Step 200/390 Loss 2.088 Prec@(1,5) (23.1%, 79.0%)
10/08 02:31:25 PM | Train: [ 2/100] Step 250/390 Loss 2.073 Prec@(1,5) (23.3%, 79.4%)
10/08 02:32:02 PM | Train: [ 2/100] Step 300/390 Loss 2.054 Prec@(1,5) (23.6%, 79.9%)
10/08 02:32:36 PM | Train: [ 2/100] Step 350/390 Loss 2.040 Prec@(1,5) (24.1%, 80.3%)
10/08 02:33:03 PM | Train: [ 2/100] Step 390/390 Loss 2.024 Prec@(1,5) (24.6%, 80.7%)
10/08 02:33:03 PM | Train: [ 2/100] Final Prec@1 24.5800%
10/08 02:33:03 PM | Valid: [ 2/100] Step 000/390 Loss 2.666 Prec@(1,5) (28.1%, 78.1%)
10/08 02:33:08 PM | Valid: [ 2/100] Step 050/390 Loss 2.542 Prec@(1,5) (25.0%, 81.9%)
10/08 02:33:12 PM | Valid: [ 2/100] Step 100/390 Loss 2.527 Prec@(1,5) (25.2%, 81.7%)
10/08 02:33:16 PM | Valid: [ 2/100] Step 150/390 Loss 2.566 Prec@(1,5) (24.1%, 81.5%)
10/08 02:33:21 PM | Valid: [ 2/100] Step 200/390 Loss 2.559 Prec@(1,5) (24.0%, 81.4%)
10/08 02:33:25 PM | Valid: [ 2/100] Step 250/390 Loss 2.566 Prec@(1,5) (23.8%, 81.6%)
10/08 02:33:30 PM | Valid: [ 2/100] Step 300/390 Loss 2.557 Prec@(1,5) (24.0%, 81.5%)
10/08 02:33:34 PM | Valid: [ 2/100] Step 350/390 Loss 2.562 Prec@(1,5) (23.9%, 81.6%)
10/08 02:33:38 PM | Valid: [ 2/100] Step 390/390 Loss 2.561 Prec@(1,5) (23.9%, 81.5%)
10/08 02:33:38 PM | Valid: [ 2/100] Final Prec@1 23.9200%
10/08 02:33:38 PM | genotype = Genotype(normal=[[('sep_conv_5x5', 1), ('sep_conv_5x5', 0)], [('sep_conv_3x3', 0), ('sep_conv_5x5', 1)], [('sep_conv_3x3', 3), ('dil_conv_3x3', 2)], [('dil_conv_3x3', 3), ('sep_conv_3x3', 2)]], normal_concat=range(2, 6), reduce=[[('sep_conv_5x5', 0), ('sep_conv_5x5', 1)], [('dil_conv_5x5', 2), ('max_pool_3x3', 0)], [('dil_conv_5x5', 3), ('skip_connect', 1)], [('dil_conv_5x5', 2), ('dil_conv_5x5', 3)]], reduce_concat=range(2, 6))
####### ALPHA #######
# Alpha - normal
tensor([[0.1211, 0.1196, 0.1233, 0.1253, 0.1277, 0.1258, 0.1269, 0.1303],
        [0.1215, 0.1202, 0.1215, 0.1246, 0.1277, 0.1265, 0.1268, 0.1313]],
       device='cuda:0', grad_fn=<SoftmaxBackward>)
tensor([[0.1225, 0.1200, 0.1234, 0.1279, 0.1248, 0.1248, 0.1267, 0.1300],
        [0.1221, 0.1210, 0.1215, 0.1254, 0.1276, 0.1251, 0.1262, 0.1310],
        [0.1194, 0.1188, 0.1195, 0.1268, 0.1270, 0.1270, 0.1268, 0.1348]],
       device='cuda:0', grad_fn=<SoftmaxBackward>)
tensor([[0.1231, 0.1196, 0.1235, 0.1249, 0.1267, 0.1251, 0.1249, 0.1324],
        [0.1215, 0.1202, 0.1216, 0.1259, 0.1264, 0.1249, 0.1285, 0.1310],
        [0.1185, 0.1191, 0.1202, 0.1238, 0.1272, 0.1277, 0.1272, 0.1362],
        [0.1199, 0.1179, 0.1181, 0.1286, 0.1263, 0.1262, 0.1273, 0.1356]],
       device='cuda:0', grad_fn=<SoftmaxBackward>)
tensor([[0.1217, 0.1196, 0.1227, 0.1273, 0.1271, 0.1259, 0.1254, 0.1303],
        [0.1207, 0.1200, 0.1235, 0.1256, 0.1274, 0.1255, 0.1252, 0.1321],
        [0.1193, 0.1176, 0.1202, 0.1289, 0.1260, 0.1265, 0.1273, 0.1344],
        [0.1187, 0.1169, 0.1183, 0.1275, 0.1276, 0.1285, 0.1263, 0.1361],
        [0.1185, 0.1199, 0.1173, 0.1272, 0.1271, 0.1282, 0.1262, 0.1357]],
       device='cuda:0', grad_fn=<SoftmaxBackward>)

# Alpha - reduce
tensor([[0.1257, 0.1261, 0.1236, 0.1245, 0.1266, 0.1230, 0.1261, 0.1244],
        [0.1250, 0.1225, 0.1248, 0.1251, 0.1262, 0.1247, 0.1250, 0.1267]],
       device='cuda:0', grad_fn=<SoftmaxBackward>)
tensor([[0.1279, 0.1247, 0.1265, 0.1232, 0.1257, 0.1238, 0.1253, 0.1229],
        [0.1245, 0.1240, 0.1253, 0.1246, 0.1268, 0.1252, 0.1249, 0.1248],
        [0.1211, 0.1220, 0.1227, 0.1254, 0.1275, 0.1251, 0.1280, 0.1282]],
       device='cuda:0', grad_fn=<SoftmaxBackward>)
tensor([[0.1267, 0.1249, 0.1244, 0.1235, 0.1263, 0.1260, 0.1265, 0.1217],
        [0.1256, 0.1243, 0.1267, 0.1259, 0.1248, 0.1237, 0.1242, 0.1248],
        [0.1222, 0.1215, 0.1246, 0.1253, 0.1261, 0.1263, 0.1263, 0.1276],
        [0.1216, 0.1223, 0.1244, 0.1261, 0.1260, 0.1259, 0.1267, 0.1269]],
       device='cuda:0', grad_fn=<SoftmaxBackward>)
tensor([[0.1271, 0.1261, 0.1232, 0.1260, 0.1239, 0.1262, 0.1250, 0.1225],
        [0.1262, 0.1228, 0.1253, 0.1256, 0.1260, 0.1257, 0.1239, 0.1245],
        [0.1209, 0.1236, 0.1258, 0.1247, 0.1268, 0.1248, 0.1278, 0.1257],
        [0.1221, 0.1228, 0.1251, 0.1273, 0.1259, 0.1253, 0.1274, 0.1241],
        [0.1219, 0.1229, 0.1238, 0.1269, 0.1262, 0.1261, 0.1253, 0.1269]],
       device='cuda:0', grad_fn=<SoftmaxBackward>)
#####################

10/08 02:33:39 PM | Train: [ 3/100] Step 000/390 Loss 1.913 Prec@(1,5) (26.6%, 89.1%)
10/08 02:34:13 PM | Train: [ 3/100] Step 050/390 Loss 1.892 Prec@(1,5) (28.1%, 84.1%)
10/08 02:34:46 PM | Train: [ 3/100] Step 100/390 Loss 1.915 Prec@(1,5) (27.9%, 83.4%)
10/08 02:35:20 PM | Train: [ 3/100] Step 150/390 Loss 1.898 Prec@(1,5) (28.0%, 83.8%)
10/08 02:35:55 PM | Train: [ 3/100] Step 200/390 Loss 1.886 Prec@(1,5) (28.6%, 84.4%)
10/08 02:36:30 PM | Train: [ 3/100] Step 250/390 Loss 1.870 Prec@(1,5) (29.1%, 84.8%)
10/08 02:37:05 PM | Train: [ 3/100] Step 300/390 Loss 1.866 Prec@(1,5) (29.3%, 84.9%)
10/08 02:37:39 PM | Train: [ 3/100] Step 350/390 Loss 1.856 Prec@(1,5) (29.8%, 85.1%)
10/08 02:38:06 PM | Train: [ 3/100] Step 390/390 Loss 1.848 Prec@(1,5) (30.1%, 85.3%)
10/08 02:38:06 PM | Train: [ 3/100] Final Prec@1 30.0880%
10/08 02:38:07 PM | Valid: [ 3/100] Step 000/390 Loss 1.939 Prec@(1,5) (31.2%, 85.9%)
10/08 02:38:11 PM | Valid: [ 3/100] Step 050/390 Loss 1.941 Prec@(1,5) (24.2%, 84.2%)
10/08 02:38:16 PM | Valid: [ 3/100] Step 100/390 Loss 1.932 Prec@(1,5) (24.7%, 83.9%)
10/08 02:38:21 PM | Valid: [ 3/100] Step 150/390 Loss 1.934 Prec@(1,5) (25.1%, 83.7%)
10/08 02:38:26 PM | Valid: [ 3/100] Step 200/390 Loss 1.934 Prec@(1,5) (25.1%, 83.5%)
10/08 02:38:30 PM | Valid: [ 3/100] Step 250/390 Loss 1.933 Prec@(1,5) (25.2%, 83.6%)
10/08 02:38:35 PM | Valid: [ 3/100] Step 300/390 Loss 1.933 Prec@(1,5) (25.2%, 83.5%)
10/08 02:38:40 PM | Valid: [ 3/100] Step 350/390 Loss 1.931 Prec@(1,5) (25.3%, 83.5%)
10/08 02:38:44 PM | Valid: [ 3/100] Step 390/390 Loss 1.931 Prec@(1,5) (25.3%, 83.6%)
10/08 02:38:44 PM | Valid: [ 3/100] Final Prec@1 25.2680%
10/08 02:38:44 PM | genotype = Genotype(normal=[[('dil_conv_5x5', 0), ('sep_conv_5x5', 1)], [('sep_conv_5x5', 1), ('sep_conv_3x3', 0)], [('sep_conv_3x3', 3), ('dil_conv_3x3', 2)], [('dil_conv_3x3', 3), ('sep_conv_3x3', 4)]], normal_concat=range(2, 6), reduce=[[('sep_conv_5x5', 1), ('max_pool_3x3', 0)], [('sep_conv_5x5', 2), ('max_pool_3x3', 0)], [('dil_conv_5x5', 2), ('dil_conv_5x5', 3)], [('dil_conv_5x5', 2), ('dil_conv_5x5', 3)]], reduce_concat=range(2, 6))
####### ALPHA #######
# Alpha - normal
tensor([[0.1199, 0.1174, 0.1237, 0.1256, 0.1275, 0.1254, 0.1276, 0.1329],
        [0.1211, 0.1197, 0.1221, 0.1243, 0.1275, 0.1270, 0.1275, 0.1308]],
       device='cuda:0', grad_fn=<SoftmaxBackward>)
tensor([[0.1224, 0.1187, 0.1235, 0.1283, 0.1240, 0.1242, 0.1277, 0.1311],
        [0.1220, 0.1205, 0.1216, 0.1245, 0.1291, 0.1249, 0.1265, 0.1308],
        [0.1183, 0.1162, 0.1182, 0.1268, 0.1266, 0.1273, 0.1271, 0.1396]],
       device='cuda:0', grad_fn=<SoftmaxBackward>)
tensor([[0.1226, 0.1181, 0.1233, 0.1254, 0.1268, 0.1254, 0.1250, 0.1333],
        [0.1215, 0.1201, 0.1217, 0.1261, 0.1262, 0.1247, 0.1283, 0.1314],
        [0.1173, 0.1172, 0.1194, 0.1235, 0.1270, 0.1285, 0.1279, 0.1392],
        [0.1185, 0.1157, 0.1157, 0.1291, 0.1264, 0.1262, 0.1281, 0.1402]],
       device='cuda:0', grad_fn=<SoftmaxBackward>)
tensor([[0.1213, 0.1185, 0.1223, 0.1272, 0.1282, 0.1259, 0.1250, 0.1315],
        [0.1212, 0.1197, 0.1239, 0.1252, 0.1280, 0.1257, 0.1234, 0.1328],
        [0.1174, 0.1156, 0.1200, 0.1287, 0.1262, 0.1262, 0.1275, 0.1385],
        [0.1169, 0.1149, 0.1157, 0.1283, 0.1277, 0.1288, 0.1274, 0.1402],
        [0.1167, 0.1178, 0.1152, 0.1286, 0.1277, 0.1286, 0.1263, 0.1391]],
       device='cuda:0', grad_fn=<SoftmaxBackward>)

# Alpha - reduce
tensor([[0.1267, 0.1262, 0.1235, 0.1240, 0.1264, 0.1223, 0.1266, 0.1242],
        [0.1247, 0.1219, 0.1247, 0.1261, 0.1268, 0.1243, 0.1250, 0.1265]],
       device='cuda:0', grad_fn=<SoftmaxBackward>)
tensor([[0.1284, 0.1251, 0.1263, 0.1232, 0.1263, 0.1230, 0.1255, 0.1223],
        [0.1243, 0.1239, 0.1255, 0.1252, 0.1267, 0.1255, 0.1247, 0.1241],
        [0.1206, 0.1214, 0.1222, 0.1249, 0.1284, 0.1251, 0.1278, 0.1296]],
       device='cuda:0', grad_fn=<SoftmaxBackward>)
tensor([[0.1274, 0.1250, 0.1241, 0.1237, 0.1263, 0.1261, 0.1266, 0.1208],
        [0.1263, 0.1250, 0.1264, 0.1261, 0.1241, 0.1234, 0.1246, 0.1242],
        [0.1212, 0.1209, 0.1247, 0.1254, 0.1264, 0.1260, 0.1271, 0.1284],
        [0.1203, 0.1217, 0.1241, 0.1266, 0.1264, 0.1262, 0.1269, 0.1279]],
       device='cuda:0', grad_fn=<SoftmaxBackward>)
tensor([[0.1279, 0.1261, 0.1237, 0.1264, 0.1238, 0.1257, 0.1242, 0.1223],
        [0.1266, 0.1232, 0.1249, 0.1252, 0.1266, 0.1255, 0.1239, 0.1241],
        [0.1205, 0.1233, 0.1252, 0.1249, 0.1267, 0.1252, 0.1284, 0.1259],
        [0.1211, 0.1220, 0.1251, 0.1272, 0.1267, 0.1251, 0.1285, 0.1243],
        [0.1209, 0.1211, 0.1230, 0.1274, 0.1274, 0.1255, 0.1258, 0.1288]],
       device='cuda:0', grad_fn=<SoftmaxBackward>)
#####################

10/08 02:38:45 PM | Train: [ 4/100] Step 000/390 Loss 1.854 Prec@(1,5) (37.5%, 81.2%)
10/08 02:39:21 PM | Train: [ 4/100] Step 050/390 Loss 1.838 Prec@(1,5) (30.6%, 85.6%)
10/08 02:39:57 PM | Train: [ 4/100] Step 100/390 Loss 1.819 Prec@(1,5) (31.4%, 86.2%)
10/08 02:40:34 PM | Train: [ 4/100] Step 150/390 Loss 1.802 Prec@(1,5) (32.3%, 86.2%)
10/08 02:41:11 PM | Train: [ 4/100] Step 200/390 Loss 1.793 Prec@(1,5) (32.7%, 86.4%)
10/08 02:41:48 PM | Train: [ 4/100] Step 250/390 Loss 1.782 Prec@(1,5) (33.0%, 86.6%)
10/08 02:42:24 PM | Train: [ 4/100] Step 300/390 Loss 1.772 Prec@(1,5) (33.6%, 86.9%)
10/08 02:43:01 PM | Train: [ 4/100] Step 350/390 Loss 1.764 Prec@(1,5) (33.7%, 87.2%)
10/08 02:43:30 PM | Train: [ 4/100] Step 390/390 Loss 1.760 Prec@(1,5) (33.9%, 87.4%)
10/08 02:43:30 PM | Train: [ 4/100] Final Prec@1 33.8720%
10/08 02:43:31 PM | Valid: [ 4/100] Step 000/390 Loss 2.122 Prec@(1,5) (25.0%, 70.3%)
10/08 02:43:36 PM | Valid: [ 4/100] Step 050/390 Loss 2.056 Prec@(1,5) (23.1%, 74.7%)
10/08 02:43:40 PM | Valid: [ 4/100] Step 100/390 Loss 2.038 Prec@(1,5) (24.1%, 75.8%)
10/08 02:43:45 PM | Valid: [ 4/100] Step 150/390 Loss 2.037 Prec@(1,5) (24.8%, 75.8%)
10/08 02:43:50 PM | Valid: [ 4/100] Step 200/390 Loss 2.035 Prec@(1,5) (24.9%, 76.0%)
10/08 02:43:55 PM | Valid: [ 4/100] Step 250/390 Loss 2.031 Prec@(1,5) (24.9%, 76.2%)
10/08 02:44:00 PM | Valid: [ 4/100] Step 300/390 Loss 2.035 Prec@(1,5) (24.9%, 76.2%)
10/08 02:44:04 PM | Valid: [ 4/100] Step 350/390 Loss 2.035 Prec@(1,5) (24.9%, 76.2%)
10/08 02:44:08 PM | Valid: [ 4/100] Step 390/390 Loss 2.036 Prec@(1,5) (24.9%, 76.2%)
10/08 02:44:08 PM | Valid: [ 4/100] Final Prec@1 24.9160%
10/08 02:44:08 PM | genotype = Genotype(normal=[[('sep_conv_5x5', 0), ('sep_conv_5x5', 1)], [('sep_conv_5x5', 1), ('dil_conv_3x3', 2)], [('sep_conv_3x3', 3), ('dil_conv_3x3', 2)], [('sep_conv_3x3', 4), ('dil_conv_3x3', 3)]], normal_concat=range(2, 6), reduce=[[('sep_conv_5x5', 1), ('max_pool_3x3', 0)], [('sep_conv_5x5', 2), ('max_pool_3x3', 0)], [('dil_conv_5x5', 3), ('sep_conv_5x5', 2)], [('dil_conv_5x5', 3), ('max_pool_3x3', 0)]], reduce_concat=range(2, 6))
####### ALPHA #######
# Alpha - normal
tensor([[0.1179, 0.1146, 0.1233, 0.1265, 0.1293, 0.1250, 0.1283, 0.1351],
        [0.1211, 0.1192, 0.1227, 0.1237, 0.1283, 0.1270, 0.1279, 0.1301]],
       device='cuda:0', grad_fn=<SoftmaxBackward>)
tensor([[0.1218, 0.1173, 0.1244, 0.1290, 0.1233, 0.1249, 0.1282, 0.1311],
        [0.1219, 0.1207, 0.1222, 0.1237, 0.1298, 0.1246, 0.1262, 0.1309],
        [0.1167, 0.1141, 0.1168, 0.1272, 0.1263, 0.1280, 0.1272, 0.1436]],
       device='cuda:0', grad_fn=<SoftmaxBackward>)
tensor([[0.1223, 0.1176, 0.1226, 0.1254, 0.1271, 0.1258, 0.1256, 0.1338],
        [0.1217, 0.1203, 0.1217, 0.1264, 0.1267, 0.1235, 0.1286, 0.1311],
        [0.1159, 0.1156, 0.1176, 0.1234, 0.1273, 0.1288, 0.1284, 0.1430],
        [0.1164, 0.1141, 0.1140, 0.1295, 0.1271, 0.1259, 0.1291, 0.1438]],
       device='cuda:0', grad_fn=<SoftmaxBackward>)
tensor([[0.1211, 0.1169, 0.1229, 0.1278, 0.1284, 0.1253, 0.1254, 0.1322],
        [0.1206, 0.1191, 0.1233, 0.1256, 0.1297, 0.1265, 0.1225, 0.1327],
        [0.1157, 0.1143, 0.1183, 0.1290, 0.1267, 0.1258, 0.1280, 0.1423],
        [0.1154, 0.1133, 0.1144, 0.1280, 0.1285, 0.1290, 0.1272, 0.1442],
        [0.1153, 0.1161, 0.1132, 0.1293, 0.1280, 0.1287, 0.1267, 0.1427]],
       device='cuda:0', grad_fn=<SoftmaxBackward>)

# Alpha - reduce
tensor([[0.1272, 0.1264, 0.1234, 0.1239, 0.1259, 0.1227, 0.1271, 0.1233],
        [0.1241, 0.1218, 0.1246, 0.1261, 0.1276, 0.1238, 0.1247, 0.1273]],
       device='cuda:0', grad_fn=<SoftmaxBackward>)
tensor([[0.1289, 0.1262, 0.1260, 0.1234, 0.1265, 0.1230, 0.1250, 0.1211],
        [0.1250, 0.1240, 0.1250, 0.1255, 0.1262, 0.1251, 0.1249, 0.1242],
        [0.1195, 0.1204, 0.1228, 0.1252, 0.1284, 0.1242, 0.1279, 0.1315]],
       device='cuda:0', grad_fn=<SoftmaxBackward>)
tensor([[0.1283, 0.1249, 0.1238, 0.1238, 0.1264, 0.1257, 0.1274, 0.1197],
        [0.1265, 0.1259, 0.1256, 0.1261, 0.1253, 0.1228, 0.1247, 0.1231],
        [0.1199, 0.1205, 0.1245, 0.1248, 0.1275, 0.1256, 0.1273, 0.1298],
        [0.1197, 0.1208, 0.1233, 0.1269, 0.1258, 0.1261, 0.1285, 0.1290]],
       device='cuda:0', grad_fn=<SoftmaxBackward>)
tensor([[0.1287, 0.1271, 0.1235, 0.1271, 0.1246, 0.1244, 0.1231, 0.1214],
        [0.1272, 0.1232, 0.1241, 0.1252, 0.1276, 0.1251, 0.1244, 0.1232],
        [0.1198, 0.1227, 0.1253, 0.1256, 0.1267, 0.1257, 0.1281, 0.1261],
        [0.1212, 0.1201, 0.1246, 0.1277, 0.1269, 0.1245, 0.1295, 0.1255],
        [0.1205, 0.1207, 0.1227, 0.1271, 0.1277, 0.1259, 0.1258, 0.1297]],
       device='cuda:0', grad_fn=<SoftmaxBackward>)
#####################

10/08 02:44:10 PM | Train: [ 5/100] Step 000/390 Loss 1.835 Prec@(1,5) (40.6%, 85.9%)
10/08 02:44:46 PM | Train: [ 5/100] Step 050/390 Loss 1.706 Prec@(1,5) (35.8%, 88.5%)
10/08 02:45:23 PM | Train: [ 5/100] Step 100/390 Loss 1.706 Prec@(1,5) (35.1%, 88.3%)
10/08 02:46:01 PM | Train: [ 5/100] Step 150/390 Loss 1.689 Prec@(1,5) (35.7%, 88.6%)
10/08 02:46:39 PM | Train: [ 5/100] Step 200/390 Loss 1.685 Prec@(1,5) (36.3%, 88.7%)
10/08 02:47:17 PM | Train: [ 5/100] Step 250/390 Loss 1.686 Prec@(1,5) (36.4%, 88.6%)
10/08 02:47:55 PM | Train: [ 5/100] Step 300/390 Loss 1.685 Prec@(1,5) (36.5%, 88.5%)
10/08 02:48:33 PM | Train: [ 5/100] Step 350/390 Loss 1.682 Prec@(1,5) (36.7%, 88.6%)
10/08 02:49:04 PM | Train: [ 5/100] Step 390/390 Loss 1.680 Prec@(1,5) (36.8%, 88.7%)
10/08 02:49:04 PM | Train: [ 5/100] Final Prec@1 36.8480%
10/08 02:49:05 PM | Valid: [ 5/100] Step 000/390 Loss 1.814 Prec@(1,5) (25.0%, 89.1%)
10/08 02:49:10 PM | Valid: [ 5/100] Step 050/390 Loss 1.834 Prec@(1,5) (30.9%, 84.5%)
10/08 02:49:15 PM | Valid: [ 5/100] Step 100/390 Loss 1.857 Prec@(1,5) (30.2%, 83.3%)
10/08 02:49:20 PM | Valid: [ 5/100] Step 150/390 Loss 1.859 Prec@(1,5) (29.8%, 83.0%)
10/08 02:49:24 PM | Valid: [ 5/100] Step 200/390 Loss 1.864 Prec@(1,5) (30.0%, 82.6%)
10/08 02:49:29 PM | Valid: [ 5/100] Step 250/390 Loss 1.866 Prec@(1,5) (30.0%, 82.5%)
10/08 02:49:34 PM | Valid: [ 5/100] Step 300/390 Loss 1.868 Prec@(1,5) (29.7%, 82.5%)
10/08 02:49:39 PM | Valid: [ 5/100] Step 350/390 Loss 1.871 Prec@(1,5) (29.7%, 82.5%)
10/08 02:49:43 PM | Valid: [ 5/100] Step 390/390 Loss 1.867 Prec@(1,5) (29.7%, 82.6%)
10/08 02:49:43 PM | Valid: [ 5/100] Final Prec@1 29.7200%
10/08 02:49:43 PM | genotype = Genotype(normal=[[('sep_conv_5x5', 0), ('dil_conv_5x5', 1)], [('sep_conv_5x5', 1), ('sep_conv_3x3', 0)], [('sep_conv_3x3', 3), ('dil_conv_3x3', 2)], [('dil_conv_3x3', 3), ('sep_conv_3x3', 4)]], normal_concat=range(2, 6), reduce=[[('sep_conv_5x5', 1), ('max_pool_3x3', 0)], [('max_pool_3x3', 0), ('sep_conv_5x5', 2)], [('dil_conv_5x5', 2), ('dil_conv_5x5', 3)], [('max_pool_3x3', 0), ('dil_conv_5x5', 3)]], reduce_concat=range(2, 6))
####### ALPHA #######
# Alpha - normal
tensor([[0.1175, 0.1138, 0.1228, 0.1272, 0.1298, 0.1247, 0.1290, 0.1352],
        [0.1208, 0.1183, 0.1235, 0.1240, 0.1276, 0.1271, 0.1284, 0.1303]],
       device='cuda:0', grad_fn=<SoftmaxBackward>)
tensor([[0.1228, 0.1161, 0.1254, 0.1297, 0.1235, 0.1240, 0.1278, 0.1307],
        [0.1218, 0.1200, 0.1226, 0.1229, 0.1305, 0.1245, 0.1264, 0.1313],
        [0.1159, 0.1129, 0.1161, 0.1273, 0.1268, 0.1273, 0.1258, 0.1479]],
       device='cuda:0', grad_fn=<SoftmaxBackward>)
tensor([[0.1222, 0.1176, 0.1227, 0.1247, 0.1263, 0.1258, 0.1264, 0.1344],
        [0.1220, 0.1204, 0.1221, 0.1267, 0.1267, 0.1233, 0.1286, 0.1303],
        [0.1145, 0.1140, 0.1173, 0.1232, 0.1275, 0.1288, 0.1288, 0.1459],
        [0.1151, 0.1128, 0.1125, 0.1291, 0.1278, 0.1260, 0.1290, 0.1477]],
       device='cuda:0', grad_fn=<SoftmaxBackward>)
tensor([[0.1214, 0.1166, 0.1238, 0.1283, 0.1279, 0.1250, 0.1253, 0.1318],
        [0.1212, 0.1183, 0.1228, 0.1261, 0.1305, 0.1260, 0.1222, 0.1329],
        [0.1144, 0.1130, 0.1167, 0.1284, 0.1265, 0.1265, 0.1279, 0.1464],
        [0.1138, 0.1117, 0.1122, 0.1267, 0.1295, 0.1298, 0.1270, 0.1492],
        [0.1146, 0.1148, 0.1105, 0.1293, 0.1285, 0.1281, 0.1270, 0.1471]],
       device='cuda:0', grad_fn=<SoftmaxBackward>)

# Alpha - reduce
tensor([[0.1277, 0.1265, 0.1231, 0.1242, 0.1264, 0.1225, 0.1267, 0.1228],
        [0.1243, 0.1217, 0.1245, 0.1261, 0.1274, 0.1235, 0.1248, 0.1276]],
       device='cuda:0', grad_fn=<SoftmaxBackward>)
tensor([[0.1300, 0.1265, 0.1261, 0.1234, 0.1276, 0.1225, 0.1244, 0.1195],
        [0.1255, 0.1235, 0.1250, 0.1259, 0.1263, 0.1252, 0.1250, 0.1236],
        [0.1188, 0.1198, 0.1226, 0.1245, 0.1290, 0.1235, 0.1285, 0.1332]],
       device='cuda:0', grad_fn=<SoftmaxBackward>)
tensor([[0.1286, 0.1253, 0.1232, 0.1230, 0.1268, 0.1261, 0.1279, 0.1192],
        [0.1263, 0.1258, 0.1245, 0.1261, 0.1261, 0.1229, 0.1249, 0.1235],
        [0.1182, 0.1192, 0.1248, 0.1245, 0.1286, 0.1259, 0.1286, 0.1302],
        [0.1186, 0.1210, 0.1229, 0.1273, 0.1265, 0.1256, 0.1280, 0.1301]],
       device='cuda:0', grad_fn=<SoftmaxBackward>)
tensor([[0.1303, 0.1273, 0.1229, 0.1271, 0.1248, 0.1236, 0.1233, 0.1206],
        [0.1275, 0.1238, 0.1243, 0.1253, 0.1278, 0.1237, 0.1245, 0.1231],
        [0.1189, 0.1214, 0.1253, 0.1253, 0.1281, 0.1262, 0.1281, 0.1267],
        [0.1212, 0.1196, 0.1239, 0.1279, 0.1269, 0.1245, 0.1296, 0.1263],
        [0.1204, 0.1201, 0.1211, 0.1269, 0.1285, 0.1261, 0.1266, 0.1302]],
       device='cuda:0', grad_fn=<SoftmaxBackward>)
#####################

10/08 02:49:45 PM | Train: [ 6/100] Step 000/390 Loss 1.392 Prec@(1,5) (51.6%, 93.8%)
10/08 02:50:24 PM | Train: [ 6/100] Step 050/390 Loss 1.639 Prec@(1,5) (37.8%, 89.4%)
10/08 02:51:03 PM | Train: [ 6/100] Step 100/390 Loss 1.624 Prec@(1,5) (38.5%, 90.0%)
10/08 02:51:42 PM | Train: [ 6/100] Step 150/390 Loss 1.617 Prec@(1,5) (39.0%, 90.0%)
10/08 02:52:21 PM | Train: [ 6/100] Step 200/390 Loss 1.625 Prec@(1,5) (38.9%, 89.8%)
10/08 02:52:59 PM | Train: [ 6/100] Step 250/390 Loss 1.623 Prec@(1,5) (38.9%, 90.0%)
10/08 02:53:38 PM | Train: [ 6/100] Step 300/390 Loss 1.619 Prec@(1,5) (39.1%, 90.0%)
10/08 02:54:15 PM | Train: [ 6/100] Step 350/390 Loss 1.615 Prec@(1,5) (39.4%, 90.0%)
10/08 02:54:46 PM | Train: [ 6/100] Step 390/390 Loss 1.613 Prec@(1,5) (39.5%, 90.1%)
10/08 02:54:46 PM | Train: [ 6/100] Final Prec@1 39.5280%
10/08 02:54:46 PM | Valid: [ 6/100] Step 000/390 Loss 1.987 Prec@(1,5) (34.4%, 84.4%)
10/08 02:54:51 PM | Valid: [ 6/100] Step 050/390 Loss 1.777 Prec@(1,5) (36.6%, 89.3%)
10/08 02:54:55 PM | Valid: [ 6/100] Step 100/390 Loss 1.762 Prec@(1,5) (36.7%, 89.4%)
10/08 02:55:00 PM | Valid: [ 6/100] Step 150/390 Loss 1.755 Prec@(1,5) (37.2%, 89.6%)
10/08 02:55:04 PM | Valid: [ 6/100] Step 200/390 Loss 1.761 Prec@(1,5) (37.3%, 89.6%)
10/08 02:55:09 PM | Valid: [ 6/100] Step 250/390 Loss 1.757 Prec@(1,5) (37.5%, 89.8%)
10/08 02:55:13 PM | Valid: [ 6/100] Step 300/390 Loss 1.762 Prec@(1,5) (37.1%, 89.7%)
10/08 02:55:18 PM | Valid: [ 6/100] Step 350/390 Loss 1.763 Prec@(1,5) (36.9%, 89.6%)
10/08 02:55:21 PM | Valid: [ 6/100] Step 390/390 Loss 1.757 Prec@(1,5) (37.1%, 89.7%)
10/08 02:55:21 PM | Valid: [ 6/100] Final Prec@1 37.1200%
10/08 02:55:21 PM | genotype = Genotype(normal=[[('sep_conv_5x5', 0), ('dil_conv_5x5', 1)], [('sep_conv_3x3', 0), ('sep_conv_5x5', 1)], [('dil_conv_5x5', 3), ('dil_conv_5x5', 2)], [('dil_conv_3x3', 3), ('sep_conv_3x3', 4)]], normal_concat=range(2, 6), reduce=[[('max_pool_3x3', 0), ('sep_conv_5x5', 1)], [('sep_conv_5x5', 2), ('max_pool_3x3', 0)], [('dil_conv_5x5', 2), ('dil_conv_5x5', 3)], [('max_pool_3x3', 0), ('sep_conv_5x5', 4)]], reduce_concat=range(2, 6))
####### ALPHA #######
# Alpha - normal
tensor([[0.1150, 0.1116, 0.1237, 0.1287, 0.1313, 0.1240, 0.1290, 0.1365],
        [0.1204, 0.1169, 0.1233, 0.1244, 0.1283, 0.1277, 0.1291, 0.1300]],
       device='cuda:0', grad_fn=<SoftmaxBackward>)
tensor([[0.1225, 0.1156, 0.1264, 0.1316, 0.1231, 0.1230, 0.1273, 0.1305],
        [0.1227, 0.1195, 0.1233, 0.1228, 0.1310, 0.1238, 0.1256, 0.1314],
        [0.1142, 0.1116, 0.1158, 0.1266, 0.1271, 0.1263, 0.1246, 0.1538]],
       device='cuda:0', grad_fn=<SoftmaxBackward>)
tensor([[0.1233, 0.1176, 0.1224, 0.1249, 0.1265, 0.1247, 0.1268, 0.1337],
        [0.1227, 0.1205, 0.1224, 0.1265, 0.1275, 0.1230, 0.1273, 0.1301],
        [0.1131, 0.1124, 0.1174, 0.1228, 0.1276, 0.1281, 0.1287, 0.1498],
        [0.1141, 0.1113, 0.1113, 0.1283, 0.1284, 0.1257, 0.1287, 0.1522]],
       device='cuda:0', grad_fn=<SoftmaxBackward>)
tensor([[0.1218, 0.1157, 0.1235, 0.1291, 0.1285, 0.1243, 0.1255, 0.1316],
        [0.1227, 0.1177, 0.1227, 0.1253, 0.1329, 0.1247, 0.1215, 0.1326],
        [0.1141, 0.1124, 0.1156, 0.1275, 0.1277, 0.1250, 0.1284, 0.1493],
        [0.1135, 0.1108, 0.1110, 0.1254, 0.1294, 0.1308, 0.1264, 0.1528],
        [0.1129, 0.1131, 0.1090, 0.1301, 0.1281, 0.1271, 0.1275, 0.1523]],
       device='cuda:0', grad_fn=<SoftmaxBackward>)

# Alpha - reduce
tensor([[0.1285, 0.1261, 0.1219, 0.1241, 0.1277, 0.1229, 0.1274, 0.1214],
        [0.1234, 0.1218, 0.1236, 0.1259, 0.1274, 0.1232, 0.1254, 0.1293]],
       device='cuda:0', grad_fn=<SoftmaxBackward>)
tensor([[0.1308, 0.1269, 0.1254, 0.1235, 0.1279, 0.1231, 0.1247, 0.1178],
        [0.1259, 0.1234, 0.1244, 0.1258, 0.1267, 0.1260, 0.1245, 0.1233],
        [0.1172, 0.1191, 0.1225, 0.1241, 0.1303, 0.1235, 0.1282, 0.1352]],
       device='cuda:0', grad_fn=<SoftmaxBackward>)
tensor([[0.1296, 0.1259, 0.1227, 0.1232, 0.1273, 0.1253, 0.1276, 0.1183],
        [0.1268, 0.1257, 0.1252, 0.1262, 0.1262, 0.1214, 0.1251, 0.1234],
        [0.1184, 0.1181, 0.1241, 0.1237, 0.1293, 0.1254, 0.1304, 0.1306],
        [0.1174, 0.1204, 0.1226, 0.1269, 0.1261, 0.1249, 0.1295, 0.1323]],
       device='cuda:0', grad_fn=<SoftmaxBackward>)
tensor([[0.1313, 0.1265, 0.1226, 0.1276, 0.1259, 0.1235, 0.1233, 0.1193],
        [0.1278, 0.1239, 0.1242, 0.1254, 0.1280, 0.1236, 0.1251, 0.1220],
        [0.1186, 0.1211, 0.1244, 0.1256, 0.1279, 0.1268, 0.1284, 0.1273],
        [0.1198, 0.1185, 0.1244, 0.1277, 0.1283, 0.1241, 0.1299, 0.1272],
        [0.1205, 0.1184, 0.1201, 0.1269, 0.1294, 0.1256, 0.1274, 0.1317]],
       device='cuda:0', grad_fn=<SoftmaxBackward>)
#####################

10/08 02:55:23 PM | Train: [ 7/100] Step 000/390 Loss 1.562 Prec@(1,5) (34.4%, 92.2%)
10/08 02:55:57 PM | Train: [ 7/100] Step 050/390 Loss 1.567 Prec@(1,5) (40.7%, 91.5%)
10/08 02:56:32 PM | Train: [ 7/100] Step 100/390 Loss 1.568 Prec@(1,5) (40.7%, 91.1%)
10/08 02:57:11 PM | Train: [ 7/100] Step 150/390 Loss 1.577 Prec@(1,5) (40.7%, 90.9%)
10/08 02:57:50 PM | Train: [ 7/100] Step 200/390 Loss 1.574 Prec@(1,5) (41.0%, 90.9%)
10/08 02:58:29 PM | Train: [ 7/100] Step 250/390 Loss 1.563 Prec@(1,5) (41.4%, 91.1%)
10/08 02:59:07 PM | Train: [ 7/100] Step 300/390 Loss 1.559 Prec@(1,5) (41.4%, 91.2%)
10/08 02:59:45 PM | Train: [ 7/100] Step 350/390 Loss 1.560 Prec@(1,5) (41.5%, 91.1%)
10/08 03:00:16 PM | Train: [ 7/100] Step 390/390 Loss 1.558 Prec@(1,5) (41.7%, 91.2%)
10/08 03:00:16 PM | Train: [ 7/100] Final Prec@1 41.6640%
10/08 03:00:17 PM | Valid: [ 7/100] Step 000/390 Loss 1.641 Prec@(1,5) (37.5%, 90.6%)
10/08 03:00:21 PM | Valid: [ 7/100] Step 050/390 Loss 1.919 Prec@(1,5) (37.4%, 88.3%)
10/08 03:00:26 PM | Valid: [ 7/100] Step 100/390 Loss 1.894 Prec@(1,5) (37.7%, 88.5%)
10/08 03:00:30 PM | Valid: [ 7/100] Step 150/390 Loss 1.900 Prec@(1,5) (37.9%, 88.2%)
10/08 03:00:34 PM | Valid: [ 7/100] Step 200/390 Loss 1.897 Prec@(1,5) (38.2%, 88.3%)
10/08 03:00:39 PM | Valid: [ 7/100] Step 250/390 Loss 1.906 Prec@(1,5) (37.8%, 88.3%)
10/08 03:00:43 PM | Valid: [ 7/100] Step 300/390 Loss 1.908 Prec@(1,5) (37.7%, 88.2%)
10/08 03:00:47 PM | Valid: [ 7/100] Step 350/390 Loss 1.901 Prec@(1,5) (37.9%, 88.2%)
10/08 03:00:51 PM | Valid: [ 7/100] Step 390/390 Loss 1.900 Prec@(1,5) (37.9%, 88.3%)
10/08 03:00:51 PM | Valid: [ 7/100] Final Prec@1 37.8800%
10/08 03:00:51 PM | genotype = Genotype(normal=[[('sep_conv_5x5', 0), ('sep_conv_5x5', 1)], [('sep_conv_5x5', 1), ('sep_conv_3x3', 0)], [('dil_conv_5x5', 2), ('sep_conv_5x5', 3)], [('dil_conv_3x3', 3), ('sep_conv_3x3', 4)]], normal_concat=range(2, 6), reduce=[[('max_pool_3x3', 0), ('sep_conv_5x5', 1)], [('sep_conv_5x5', 2), ('max_pool_3x3', 0)], [('dil_conv_5x5', 2), ('dil_conv_5x5', 3)], [('max_pool_3x3', 0), ('sep_conv_5x5', 4)]], reduce_concat=range(2, 6))
####### ALPHA #######
# Alpha - normal
tensor([[0.1133, 0.1107, 0.1239, 0.1306, 0.1326, 0.1235, 0.1283, 0.1371],
        [0.1206, 0.1162, 0.1239, 0.1247, 0.1292, 0.1274, 0.1289, 0.1292]],
       device='cuda:0', grad_fn=<SoftmaxBackward>)
tensor([[0.1242, 0.1155, 0.1267, 0.1317, 0.1227, 0.1228, 0.1262, 0.1302],
        [0.1229, 0.1203, 0.1238, 0.1221, 0.1320, 0.1233, 0.1255, 0.1301],
        [0.1131, 0.1095, 0.1159, 0.1260, 0.1266, 0.1261, 0.1241, 0.1587]],
       device='cuda:0', grad_fn=<SoftmaxBackward>)
tensor([[0.1245, 0.1158, 0.1231, 0.1243, 0.1274, 0.1244, 0.1277, 0.1329],
        [0.1236, 0.1207, 0.1240, 0.1265, 0.1279, 0.1231, 0.1249, 0.1293],
        [0.1112, 0.1108, 0.1167, 0.1218, 0.1282, 0.1281, 0.1296, 0.1536],
        [0.1133, 0.1102, 0.1106, 0.1265, 0.1283, 0.1261, 0.1282, 0.1568]],
       device='cuda:0', grad_fn=<SoftmaxBackward>)
tensor([[0.1220, 0.1155, 0.1240, 0.1305, 0.1275, 0.1240, 0.1257, 0.1308],
        [0.1246, 0.1165, 0.1239, 0.1247, 0.1334, 0.1242, 0.1205, 0.1321],
        [0.1136, 0.1113, 0.1151, 0.1278, 0.1264, 0.1252, 0.1276, 0.1529],
        [0.1120, 0.1098, 0.1095, 0.1237, 0.1295, 0.1311, 0.1259, 0.1585],
        [0.1119, 0.1117, 0.1073, 0.1302, 0.1279, 0.1267, 0.1276, 0.1567]],
       device='cuda:0', grad_fn=<SoftmaxBackward>)

# Alpha - reduce
tensor([[0.1293, 0.1273, 0.1219, 0.1229, 0.1283, 0.1234, 0.1264, 0.1205],
        [0.1230, 0.1220, 0.1235, 0.1256, 0.1275, 0.1226, 0.1258, 0.1300]],
       device='cuda:0', grad_fn=<SoftmaxBackward>)
tensor([[0.1315, 0.1283, 0.1248, 0.1240, 0.1281, 0.1227, 0.1241, 0.1164],
        [0.1271, 0.1239, 0.1236, 0.1255, 0.1258, 0.1249, 0.1250, 0.1242],
        [0.1164, 0.1181, 0.1221, 0.1238, 0.1310, 0.1227, 0.1291, 0.1367]],
       device='cuda:0', grad_fn=<SoftmaxBackward>)
tensor([[0.1312, 0.1266, 0.1219, 0.1233, 0.1287, 0.1240, 0.1270, 0.1172],
        [0.1271, 0.1265, 0.1260, 0.1253, 0.1262, 0.1206, 0.1263, 0.1220],
        [0.1175, 0.1170, 0.1239, 0.1236, 0.1299, 0.1253, 0.1310, 0.1317],
        [0.1169, 0.1201, 0.1225, 0.1268, 0.1268, 0.1237, 0.1297, 0.1334]],
       device='cuda:0', grad_fn=<SoftmaxBackward>)
tensor([[0.1326, 0.1285, 0.1222, 0.1263, 0.1270, 0.1231, 0.1217, 0.1187],
        [0.1291, 0.1236, 0.1244, 0.1256, 0.1290, 0.1227, 0.1252, 0.1204],
        [0.1177, 0.1193, 0.1255, 0.1247, 0.1280, 0.1264, 0.1297, 0.1287],
        [0.1202, 0.1183, 0.1241, 0.1271, 0.1277, 0.1235, 0.1300, 0.1290],
        [0.1210, 0.1180, 0.1194, 0.1264, 0.1301, 0.1249, 0.1279, 0.1324]],
       device='cuda:0', grad_fn=<SoftmaxBackward>)
#####################

10/08 03:00:53 PM | Train: [ 8/100] Step 000/390 Loss 1.507 Prec@(1,5) (48.4%, 92.2%)
10/08 03:01:30 PM | Train: [ 8/100] Step 050/390 Loss 1.547 Prec@(1,5) (43.0%, 91.3%)
10/08 03:02:08 PM | Train: [ 8/100] Step 100/390 Loss 1.525 Prec@(1,5) (44.0%, 91.5%)
10/08 03:02:47 PM | Train: [ 8/100] Step 150/390 Loss 1.515 Prec@(1,5) (44.2%, 91.6%)
10/08 03:03:26 PM | Train: [ 8/100] Step 200/390 Loss 1.517 Prec@(1,5) (44.0%, 91.6%)
10/08 03:04:04 PM | Train: [ 8/100] Step 250/390 Loss 1.520 Prec@(1,5) (44.0%, 91.6%)
10/08 03:04:42 PM | Train: [ 8/100] Step 300/390 Loss 1.512 Prec@(1,5) (44.2%, 91.6%)
10/08 03:05:20 PM | Train: [ 8/100] Step 350/390 Loss 1.508 Prec@(1,5) (44.3%, 91.7%)
10/08 03:05:51 PM | Train: [ 8/100] Step 390/390 Loss 1.505 Prec@(1,5) (44.4%, 91.7%)
10/08 03:05:51 PM | Train: [ 8/100] Final Prec@1 44.3560%
10/08 03:05:51 PM | Valid: [ 8/100] Step 000/390 Loss 1.588 Prec@(1,5) (46.9%, 89.1%)
10/08 03:05:56 PM | Valid: [ 8/100] Step 050/390 Loss 1.673 Prec@(1,5) (39.2%, 88.1%)
10/08 03:06:00 PM | Valid: [ 8/100] Step 100/390 Loss 1.681 Prec@(1,5) (38.7%, 87.6%)
10/08 03:06:04 PM | Valid: [ 8/100] Step 150/390 Loss 1.674 Prec@(1,5) (39.2%, 87.8%)
10/08 03:06:09 PM | Valid: [ 8/100] Step 200/390 Loss 1.677 Prec@(1,5) (38.9%, 87.7%)
10/08 03:06:13 PM | Valid: [ 8/100] Step 250/390 Loss 1.673 Prec@(1,5) (39.0%, 87.6%)
10/08 03:06:17 PM | Valid: [ 8/100] Step 300/390 Loss 1.673 Prec@(1,5) (38.7%, 87.7%)
10/08 03:06:22 PM | Valid: [ 8/100] Step 350/390 Loss 1.668 Prec@(1,5) (39.0%, 87.8%)
10/08 03:06:25 PM | Valid: [ 8/100] Step 390/390 Loss 1.670 Prec@(1,5) (39.0%, 87.7%)
10/08 03:06:25 PM | Valid: [ 8/100] Final Prec@1 39.0200%
10/08 03:06:25 PM | genotype = Genotype(normal=[[('sep_conv_5x5', 0), ('sep_conv_5x5', 1)], [('sep_conv_5x5', 1), ('sep_conv_3x3', 0)], [('sep_conv_5x5', 3), ('dil_conv_5x5', 2)], [('sep_conv_3x3', 4), ('sep_conv_5x5', 3)]], normal_concat=range(2, 6), reduce=[[('max_pool_3x3', 0), ('sep_conv_5x5', 1)], [('sep_conv_5x5', 2), ('max_pool_3x3', 0)], [('dil_conv_5x5', 2), ('dil_conv_5x5', 3)], [('max_pool_3x3', 0), ('sep_conv_5x5', 4)]], reduce_concat=range(2, 6))
####### ALPHA #######
# Alpha - normal
tensor([[0.1127, 0.1087, 0.1263, 0.1310, 0.1332, 0.1232, 0.1272, 0.1377],
        [0.1208, 0.1156, 0.1246, 0.1250, 0.1294, 0.1274, 0.1284, 0.1288]],
       device='cuda:0', grad_fn=<SoftmaxBackward>)
tensor([[0.1247, 0.1148, 0.1270, 0.1324, 0.1239, 0.1227, 0.1252, 0.1293],
        [0.1233, 0.1190, 0.1254, 0.1202, 0.1334, 0.1235, 0.1252, 0.1301],
        [0.1117, 0.1070, 0.1153, 0.1251, 0.1263, 0.1265, 0.1244, 0.1636]],
       device='cuda:0', grad_fn=<SoftmaxBackward>)
tensor([[0.1266, 0.1151, 0.1241, 0.1249, 0.1258, 0.1247, 0.1270, 0.1318],
        [0.1241, 0.1200, 0.1246, 0.1278, 0.1281, 0.1234, 0.1234, 0.1286],
        [0.1100, 0.1092, 0.1164, 0.1211, 0.1283, 0.1279, 0.1293, 0.1578],
        [0.1118, 0.1083, 0.1089, 0.1264, 0.1292, 0.1256, 0.1278, 0.1619]],
       device='cuda:0', grad_fn=<SoftmaxBackward>)
tensor([[0.1235, 0.1149, 0.1248, 0.1316, 0.1275, 0.1235, 0.1253, 0.1290],
        [0.1252, 0.1152, 0.1250, 0.1247, 0.1351, 0.1231, 0.1199, 0.1318],
        [0.1129, 0.1105, 0.1139, 0.1272, 0.1278, 0.1242, 0.1268, 0.1567],
        [0.1109, 0.1089, 0.1082, 0.1222, 0.1301, 0.1298, 0.1262, 0.1636],
        [0.1103, 0.1110, 0.1050, 0.1301, 0.1284, 0.1260, 0.1279, 0.1614]],
       device='cuda:0', grad_fn=<SoftmaxBackward>)

# Alpha - reduce
