10/11 06:32:48 PM | 
10/11 06:32:48 PM | Parameters:
10/11 06:32:48 PM | ALPHA_LR=0.0003
10/11 06:32:48 PM | ALPHA_WEIGHT_DECAY=0.001
10/11 06:32:48 PM | BATCH_SIZE=64
10/11 06:32:48 PM | DATA_PATH=./data/
10/11 06:32:48 PM | DATASET=cifar10
10/11 06:32:48 PM | EPOCHS=100
10/11 06:32:48 PM | GPUS=[1]
10/11 06:32:48 PM | HV_TYPE=0
10/11 06:32:48 PM | INIT_CHANNELS=16
10/11 06:32:48 PM | LAYERS=8
10/11 06:32:48 PM | MULTI_AVG_RANK=0
10/11 06:32:48 PM | MULTI_AVG_SIZE=0
10/11 06:32:48 PM | N_NODES=4
10/11 06:32:48 PM | NAME=cifar10
10/11 06:32:48 PM | OPS_SET=3
10/11 06:32:48 PM | PATH=searchs/cifar10
10/11 06:32:48 PM | PLOT_PATH=searchs/cifar10/plots
10/11 06:32:48 PM | PRINT_FREQ=50
10/11 06:32:48 PM | PROXYLESS=True
10/11 06:32:48 PM | SBP=True
10/11 06:32:48 PM | SEED=2
10/11 06:32:48 PM | W_GRAD_CLIP=5.0
10/11 06:32:48 PM | W_LR=0.025
10/11 06:32:48 PM | W_LR_MIN=0.001
10/11 06:32:48 PM | W_MOMENTUM=0.9
10/11 06:32:48 PM | W_WEIGHT_DECAY=0.0003
10/11 06:32:48 PM | WORKERS=4
10/11 06:32:48 PM | 
10/11 06:32:48 PM | Logger is set - training start
####### ALPHA #######
# Alpha - normal
tensor([[0.1429, 0.1428, 0.1428, 0.1427, 0.1430, 0.1428, 0.1429],
        [0.1430, 0.1428, 0.1427, 0.1431, 0.1430, 0.1427, 0.1427]],
       device='cuda:1', grad_fn=<SoftmaxBackward>)
tensor([[0.1430, 0.1426, 0.1428, 0.1432, 0.1427, 0.1429, 0.1427],
        [0.1428, 0.1429, 0.1428, 0.1428, 0.1429, 0.1429, 0.1428],
        [0.1428, 0.1427, 0.1431, 0.1430, 0.1428, 0.1430, 0.1426]],
       device='cuda:1', grad_fn=<SoftmaxBackward>)
tensor([[0.1430, 0.1427, 0.1430, 0.1428, 0.1430, 0.1429, 0.1427],
        [0.1429, 0.1428, 0.1429, 0.1429, 0.1429, 0.1430, 0.1426],
        [0.1428, 0.1430, 0.1428, 0.1428, 0.1429, 0.1426, 0.1431],
        [0.1428, 0.1429, 0.1430, 0.1430, 0.1428, 0.1426, 0.1429]],
       device='cuda:1', grad_fn=<SoftmaxBackward>)
tensor([[0.1429, 0.1432, 0.1429, 0.1429, 0.1426, 0.1427, 0.1428],
        [0.1428, 0.1431, 0.1428, 0.1427, 0.1430, 0.1429, 0.1427],
        [0.1427, 0.1428, 0.1429, 0.1430, 0.1429, 0.1428, 0.1428],
        [0.1430, 0.1429, 0.1426, 0.1430, 0.1430, 0.1427, 0.1428],
        [0.1428, 0.1427, 0.1429, 0.1427, 0.1431, 0.1430, 0.1427]],
       device='cuda:1', grad_fn=<SoftmaxBackward>)

# Alpha - reduce
tensor([[0.1429, 0.1427, 0.1430, 0.1428, 0.1429, 0.1428, 0.1429],
        [0.1427, 0.1430, 0.1427, 0.1428, 0.1430, 0.1429, 0.1429]],
       device='cuda:1', grad_fn=<SoftmaxBackward>)
tensor([[0.1427, 0.1431, 0.1428, 0.1428, 0.1428, 0.1429, 0.1429],
        [0.1428, 0.1429, 0.1427, 0.1429, 0.1430, 0.1429, 0.1428],
        [0.1427, 0.1427, 0.1431, 0.1430, 0.1426, 0.1429, 0.1429]],
       device='cuda:1', grad_fn=<SoftmaxBackward>)
tensor([[0.1429, 0.1428, 0.1429, 0.1429, 0.1428, 0.1428, 0.1430],
        [0.1428, 0.1428, 0.1427, 0.1429, 0.1430, 0.1429, 0.1428],
        [0.1427, 0.1429, 0.1430, 0.1428, 0.1427, 0.1428, 0.1430],
        [0.1428, 0.1428, 0.1431, 0.1430, 0.1427, 0.1427, 0.1429]],
       device='cuda:1', grad_fn=<SoftmaxBackward>)
tensor([[0.1427, 0.1427, 0.1430, 0.1429, 0.1428, 0.1429, 0.1430],
        [0.1429, 0.1430, 0.1429, 0.1426, 0.1427, 0.1429, 0.1429],
        [0.1429, 0.1427, 0.1428, 0.1430, 0.1430, 0.1429, 0.1427],
        [0.1430, 0.1428, 0.1429, 0.1429, 0.1427, 0.1428, 0.1429],
        [0.1425, 0.1432, 0.1428, 0.1430, 0.1431, 0.1426, 0.1428]],
       device='cuda:1', grad_fn=<SoftmaxBackward>)
#####################
Files already downloaded and verified
10/11 06:32:54 PM | Train: [ 1/100] Step 000/390 Loss 2.556 Prec@(1,5) (1.6%, 48.4%)
10/11 06:33:36 PM | Train: [ 1/100] Step 050/390 Loss 2.353 Prec@(1,5) (13.2%, 58.3%)
10/11 06:34:19 PM | Train: [ 1/100] Step 100/390 Loss 2.321 Prec@(1,5) (15.2%, 62.2%)
10/11 06:35:02 PM | Train: [ 1/100] Step 150/390 Loss 2.291 Prec@(1,5) (16.1%, 65.1%)
10/11 06:35:45 PM | Train: [ 1/100] Step 200/390 Loss 2.267 Prec@(1,5) (17.1%, 67.3%)
10/11 06:36:28 PM | Train: [ 1/100] Step 250/390 Loss 2.250 Prec@(1,5) (17.8%, 68.9%)
10/11 06:37:11 PM | Train: [ 1/100] Step 300/390 Loss 2.235 Prec@(1,5) (18.1%, 70.0%)
10/11 06:37:55 PM | Train: [ 1/100] Step 350/390 Loss 2.218 Prec@(1,5) (18.6%, 71.1%)
10/11 06:38:28 PM | Train: [ 1/100] Step 390/390 Loss 2.203 Prec@(1,5) (19.1%, 71.8%)
10/11 06:38:28 PM | Train: [ 1/100] Final Prec@1 19.1400%
10/11 06:38:28 PM | Valid: [ 1/100] Step 000/390 Loss 2.279 Prec@(1,5) (14.1%, 89.1%)
10/11 06:38:34 PM | Valid: [ 1/100] Step 050/390 Loss 2.220 Prec@(1,5) (24.2%, 80.6%)
10/11 06:38:39 PM | Valid: [ 1/100] Step 100/390 Loss 2.215 Prec@(1,5) (24.8%, 80.9%)
10/11 06:38:45 PM | Valid: [ 1/100] Step 150/390 Loss 2.226 Prec@(1,5) (24.6%, 80.5%)
10/11 06:38:50 PM | Valid: [ 1/100] Step 200/390 Loss 2.227 Prec@(1,5) (24.5%, 80.4%)
10/11 06:38:55 PM | Valid: [ 1/100] Step 250/390 Loss 2.226 Prec@(1,5) (24.7%, 80.4%)
10/11 06:39:01 PM | Valid: [ 1/100] Step 300/390 Loss 2.226 Prec@(1,5) (24.6%, 80.5%)
10/11 06:39:06 PM | Valid: [ 1/100] Step 350/390 Loss 2.229 Prec@(1,5) (24.5%, 80.5%)
10/11 06:39:10 PM | Valid: [ 1/100] Step 390/390 Loss 2.229 Prec@(1,5) (24.5%, 80.5%)
10/11 06:39:10 PM | Valid: [ 1/100] Final Prec@1 24.5160%
10/11 06:39:10 PM | genotype = Genotype(normal=[[('sep_conv_5x5', 1), ('sep_conv_5x5', 0)], [('sep_conv_3x3', 2), ('dil_conv_3x3', 0)], [('sep_conv_3x3', 1), ('dil_conv_3x3', 2)], [('dil_conv_5x5', 0), ('sep_conv_5x5', 3)]], normal_concat=range(2, 6), reduce=[[('sep_conv_3x3', 1), ('sep_conv_3x3', 0)], [('sep_conv_3x3', 0), ('max_pool_3x3', 1)], [('sep_conv_5x5', 3), ('max_pool_3x3', 1)], [('dil_conv_3x3', 0), ('dil_conv_3x3', 4)]], reduce_concat=range(2, 6))
####### ALPHA #######
# Alpha - normal
tensor([[0.1424, 0.1424, 0.1432, 0.1440, 0.1433, 0.1428, 0.1419],
        [0.1407, 0.1405, 0.1433, 0.1442, 0.1438, 0.1425, 0.1451]],
       device='cuda:1', grad_fn=<SoftmaxBackward>)
tensor([[0.1403, 0.1416, 0.1436, 0.1430, 0.1446, 0.1441, 0.1427],
        [0.1400, 0.1409, 0.1440, 0.1431, 0.1435, 0.1435, 0.1449],
        [0.1419, 0.1391, 0.1450, 0.1435, 0.1437, 0.1429, 0.1439]],
       device='cuda:1', grad_fn=<SoftmaxBackward>)
tensor([[0.1423, 0.1420, 0.1424, 0.1420, 0.1438, 0.1435, 0.1439],
        [0.1398, 0.1408, 0.1446, 0.1435, 0.1443, 0.1429, 0.1442],
        [0.1409, 0.1389, 0.1443, 0.1445, 0.1445, 0.1426, 0.1444],
        [0.1406, 0.1407, 0.1433, 0.1427, 0.1434, 0.1443, 0.1450]],
       device='cuda:1', grad_fn=<SoftmaxBackward>)
tensor([[0.1415, 0.1408, 0.1432, 0.1433, 0.1423, 0.1451, 0.1438],
        [0.1413, 0.1400, 0.1433, 0.1433, 0.1429, 0.1447, 0.1444],
        [0.1408, 0.1406, 0.1441, 0.1439, 0.1427, 0.1436, 0.1442],
        [0.1405, 0.1404, 0.1439, 0.1447, 0.1424, 0.1423, 0.1458],
        [0.1409, 0.1399, 0.1440, 0.1434, 0.1421, 0.1446, 0.1451]],
       device='cuda:1', grad_fn=<SoftmaxBackward>)

# Alpha - reduce
tensor([[0.1436, 0.1426, 0.1445, 0.1425, 0.1412, 0.1427, 0.1429],
        [0.1431, 0.1428, 0.1448, 0.1414, 0.1428, 0.1434, 0.1417]],
       device='cuda:1', grad_fn=<SoftmaxBackward>)
tensor([[0.1438, 0.1424, 0.1441, 0.1429, 0.1430, 0.1422, 0.1415],
        [0.1440, 0.1429, 0.1429, 0.1433, 0.1431, 0.1422, 0.1415],
        [0.1410, 0.1423, 0.1428, 0.1430, 0.1436, 0.1425, 0.1447]],
       device='cuda:1', grad_fn=<SoftmaxBackward>)
tensor([[0.1439, 0.1435, 0.1440, 0.1431, 0.1416, 0.1415, 0.1425],
        [0.1445, 0.1445, 0.1425, 0.1414, 0.1435, 0.1415, 0.1420],
        [0.1419, 0.1428, 0.1432, 0.1433, 0.1428, 0.1426, 0.1434],
        [0.1416, 0.1420, 0.1425, 0.1451, 0.1418, 0.1431, 0.1439]],
       device='cuda:1', grad_fn=<SoftmaxBackward>)
tensor([[0.1422, 0.1426, 0.1415, 0.1419, 0.1451, 0.1445, 0.1423],
        [0.1423, 0.1434, 0.1425, 0.1428, 0.1431, 0.1432, 0.1427],
        [0.1410, 0.1420, 0.1433, 0.1434, 0.1433, 0.1439, 0.1430],
        [0.1412, 0.1419, 0.1430, 0.1427, 0.1427, 0.1440, 0.1444],
        [0.1414, 0.1421, 0.1435, 0.1416, 0.1440, 0.1426, 0.1447]],
       device='cuda:1', grad_fn=<SoftmaxBackward>)
#####################

10/11 06:39:12 PM | Train: [ 2/100] Step 000/390 Loss 2.018 Prec@(1,5) (12.5%, 84.4%)
10/11 06:39:56 PM | Train: [ 2/100] Step 050/390 Loss 2.049 Prec@(1,5) (23.8%, 79.7%)
10/11 06:40:40 PM | Train: [ 2/100] Step 100/390 Loss 2.018 Prec@(1,5) (24.9%, 80.9%)
10/11 06:41:23 PM | Train: [ 2/100] Step 150/390 Loss 2.010 Prec@(1,5) (25.2%, 81.1%)
10/11 06:42:07 PM | Train: [ 2/100] Step 200/390 Loss 1.999 Prec@(1,5) (25.0%, 81.7%)
10/11 06:42:50 PM | Train: [ 2/100] Step 250/390 Loss 1.993 Prec@(1,5) (25.2%, 82.1%)
10/11 06:43:33 PM | Train: [ 2/100] Step 300/390 Loss 1.989 Prec@(1,5) (25.4%, 82.2%)
10/11 06:44:17 PM | Train: [ 2/100] Step 350/390 Loss 1.980 Prec@(1,5) (25.4%, 82.4%)
10/11 06:44:52 PM | Train: [ 2/100] Step 390/390 Loss 1.967 Prec@(1,5) (25.9%, 82.7%)
10/11 06:44:52 PM | Train: [ 2/100] Final Prec@1 25.8520%
10/11 06:44:52 PM | Valid: [ 2/100] Step 000/390 Loss 1.985 Prec@(1,5) (18.8%, 84.4%)
10/11 06:44:58 PM | Valid: [ 2/100] Step 050/390 Loss 1.890 Prec@(1,5) (27.5%, 84.3%)
10/11 06:45:04 PM | Valid: [ 2/100] Step 100/390 Loss 1.877 Prec@(1,5) (27.6%, 84.7%)
10/11 06:45:10 PM | Valid: [ 2/100] Step 150/390 Loss 1.874 Prec@(1,5) (28.2%, 84.8%)
10/11 06:45:15 PM | Valid: [ 2/100] Step 200/390 Loss 1.882 Prec@(1,5) (28.0%, 84.4%)
10/11 06:45:21 PM | Valid: [ 2/100] Step 250/390 Loss 1.882 Prec@(1,5) (28.1%, 84.3%)
10/11 06:45:27 PM | Valid: [ 2/100] Step 300/390 Loss 1.883 Prec@(1,5) (28.0%, 84.5%)
10/11 06:45:32 PM | Valid: [ 2/100] Step 350/390 Loss 1.885 Prec@(1,5) (28.0%, 84.4%)
10/11 06:45:37 PM | Valid: [ 2/100] Step 390/390 Loss 1.887 Prec@(1,5) (27.9%, 84.3%)
10/11 06:45:37 PM | Valid: [ 2/100] Final Prec@1 27.9040%
10/11 06:45:37 PM | genotype = Genotype(normal=[[('dil_conv_3x3', 1), ('sep_conv_3x3', 0)], [('sep_conv_3x3', 2), ('dil_conv_5x5', 1)], [('sep_conv_3x3', 1), ('sep_conv_5x5', 2)], [('dil_conv_5x5', 1), ('dil_conv_5x5', 4)]], normal_concat=range(2, 6), reduce=[[('sep_conv_3x3', 1), ('sep_conv_3x3', 0)], [('max_pool_3x3', 0), ('sep_conv_5x5', 1)], [('max_pool_3x3', 0), ('max_pool_3x3', 1)], [('dil_conv_5x5', 3), ('sep_conv_3x3', 4)]], reduce_concat=range(2, 6))
####### ALPHA #######
# Alpha - normal
tensor([[0.1411, 0.1412, 0.1447, 0.1444, 0.1445, 0.1434, 0.1407],
        [0.1389, 0.1382, 0.1437, 0.1447, 0.1450, 0.1439, 0.1456]],
       device='cuda:1', grad_fn=<SoftmaxBackward>)
tensor([[0.1384, 0.1411, 0.1449, 0.1441, 0.1450, 0.1449, 0.1416],
        [0.1400, 0.1392, 0.1446, 0.1431, 0.1441, 0.1449, 0.1441],
        [0.1392, 0.1356, 0.1455, 0.1439, 0.1448, 0.1443, 0.1467]],
       device='cuda:1', grad_fn=<SoftmaxBackward>)
tensor([[0.1415, 0.1406, 0.1439, 0.1425, 0.1433, 0.1443, 0.1439],
        [0.1386, 0.1386, 0.1462, 0.1446, 0.1442, 0.1434, 0.1445],
        [0.1387, 0.1373, 0.1443, 0.1459, 0.1453, 0.1426, 0.1459],
        [0.1382, 0.1384, 0.1433, 0.1436, 0.1444, 0.1445, 0.1475]],
       device='cuda:1', grad_fn=<SoftmaxBackward>)
tensor([[0.1402, 0.1388, 0.1456, 0.1438, 0.1432, 0.1452, 0.1432],
        [0.1397, 0.1378, 0.1446, 0.1436, 0.1420, 0.1464, 0.1459],
        [0.1389, 0.1383, 0.1444, 0.1443, 0.1436, 0.1446, 0.1459],
        [0.1385, 0.1378, 0.1436, 0.1445, 0.1428, 0.1445, 0.1482],
        [0.1388, 0.1366, 0.1441, 0.1446, 0.1439, 0.1456, 0.1464]],
       device='cuda:1', grad_fn=<SoftmaxBackward>)

# Alpha - reduce
tensor([[0.1432, 0.1431, 0.1445, 0.1440, 0.1402, 0.1434, 0.1416],
        [0.1430, 0.1419, 0.1451, 0.1420, 0.1424, 0.1433, 0.1422]],
       device='cuda:1', grad_fn=<SoftmaxBackward>)
tensor([[0.1453, 0.1438, 0.1437, 0.1423, 0.1425, 0.1413, 0.1412],
        [0.1432, 0.1430, 0.1433, 0.1445, 0.1421, 0.1422, 0.1417],
        [0.1398, 0.1422, 0.1429, 0.1430, 0.1442, 0.1433, 0.1446]],
       device='cuda:1', grad_fn=<SoftmaxBackward>)
tensor([[0.1455, 0.1446, 0.1435, 0.1426, 0.1415, 0.1415, 0.1409],
        [0.1448, 0.1436, 0.1424, 0.1416, 0.1426, 0.1426, 0.1423],
        [0.1400, 0.1417, 0.1441, 0.1433, 0.1439, 0.1427, 0.1442],
        [0.1410, 0.1418, 0.1428, 0.1440, 0.1419, 0.1437, 0.1449]],
       device='cuda:1', grad_fn=<SoftmaxBackward>)
tensor([[0.1429, 0.1422, 0.1411, 0.1425, 0.1449, 0.1444, 0.1420],
        [0.1433, 0.1437, 0.1436, 0.1420, 0.1421, 0.1428, 0.1424],
        [0.1405, 0.1408, 0.1427, 0.1446, 0.1435, 0.1445, 0.1433],
        [0.1401, 0.1418, 0.1433, 0.1423, 0.1419, 0.1459, 0.1447],
        [0.1409, 0.1397, 0.1451, 0.1418, 0.1429, 0.1443, 0.1454]],
       device='cuda:1', grad_fn=<SoftmaxBackward>)
#####################

10/11 06:45:38 PM | Train: [ 3/100] Step 000/390 Loss 1.896 Prec@(1,5) (23.4%, 79.7%)
10/11 06:46:22 PM | Train: [ 3/100] Step 050/390 Loss 1.898 Prec@(1,5) (27.5%, 84.0%)
10/11 06:47:06 PM | Train: [ 3/100] Step 100/390 Loss 1.864 Prec@(1,5) (28.9%, 85.6%)
10/11 06:47:50 PM | Train: [ 3/100] Step 150/390 Loss 1.853 Prec@(1,5) (29.4%, 85.8%)
10/11 06:48:34 PM | Train: [ 3/100] Step 200/390 Loss 1.846 Prec@(1,5) (29.7%, 85.9%)
10/11 06:49:19 PM | Train: [ 3/100] Step 250/390 Loss 1.841 Prec@(1,5) (30.1%, 86.1%)
10/11 06:50:03 PM | Train: [ 3/100] Step 300/390 Loss 1.837 Prec@(1,5) (30.4%, 86.0%)
10/11 06:50:48 PM | Train: [ 3/100] Step 350/390 Loss 1.830 Prec@(1,5) (30.8%, 86.0%)
10/11 06:51:42 PM | Train: [ 3/100] Step 390/390 Loss 1.825 Prec@(1,5) (30.9%, 86.1%)
10/11 06:51:42 PM | Train: [ 3/100] Final Prec@1 30.8800%
10/11 06:51:42 PM | Valid: [ 3/100] Step 000/390 Loss 1.728 Prec@(1,5) (32.8%, 90.6%)
10/11 06:51:48 PM | Valid: [ 3/100] Step 050/390 Loss 1.740 Prec@(1,5) (35.0%, 88.0%)
10/11 06:51:54 PM | Valid: [ 3/100] Step 100/390 Loss 1.748 Prec@(1,5) (34.4%, 87.9%)
10/11 06:51:59 PM | Valid: [ 3/100] Step 150/390 Loss 1.748 Prec@(1,5) (34.7%, 87.8%)
10/11 06:52:05 PM | Valid: [ 3/100] Step 200/390 Loss 1.749 Prec@(1,5) (34.6%, 87.7%)
10/11 06:52:10 PM | Valid: [ 3/100] Step 250/390 Loss 1.750 Prec@(1,5) (34.2%, 87.8%)
10/11 06:52:16 PM | Valid: [ 3/100] Step 300/390 Loss 1.753 Prec@(1,5) (34.1%, 87.7%)
10/11 06:52:21 PM | Valid: [ 3/100] Step 350/390 Loss 1.752 Prec@(1,5) (34.1%, 87.8%)
10/11 06:52:26 PM | Valid: [ 3/100] Step 390/390 Loss 1.753 Prec@(1,5) (34.2%, 87.7%)
10/11 06:52:26 PM | Valid: [ 3/100] Final Prec@1 34.1640%
10/11 06:52:26 PM | genotype = Genotype(normal=[[('dil_conv_3x3', 1), ('dil_conv_3x3', 0)], [('sep_conv_5x5', 0), ('sep_conv_3x3', 1)], [('sep_conv_5x5', 2), ('sep_conv_3x3', 1)], [('dil_conv_5x5', 4), ('dil_conv_5x5', 0)]], normal_concat=range(2, 6), reduce=[[('sep_conv_3x3', 1), ('dil_conv_5x5', 0)], [('max_pool_3x3', 0), ('dil_conv_3x3', 2)], [('max_pool_3x3', 0), ('max_pool_3x3', 1)], [('dil_conv_5x5', 3), ('sep_conv_3x3', 4)]], reduce_concat=range(2, 6))
####### ALPHA #######
# Alpha - normal
tensor([[0.1400, 0.1393, 0.1453, 0.1454, 0.1458, 0.1446, 0.1396],
        [0.1381, 0.1372, 0.1438, 0.1449, 0.1461, 0.1443, 0.1456]],
       device='cuda:1', grad_fn=<SoftmaxBackward>)
tensor([[0.1382, 0.1397, 0.1450, 0.1460, 0.1445, 0.1458, 0.1409],
        [0.1398, 0.1385, 0.1456, 0.1422, 0.1439, 0.1455, 0.1445],
        [0.1379, 0.1345, 0.1457, 0.1430, 0.1443, 0.1457, 0.1489]],
       device='cuda:1', grad_fn=<SoftmaxBackward>)
tensor([[0.1423, 0.1388, 0.1447, 0.1426, 0.1432, 0.1446, 0.1437],
        [0.1375, 0.1382, 0.1465, 0.1444, 0.1442, 0.1438, 0.1454],
        [0.1389, 0.1356, 0.1438, 0.1465, 0.1449, 0.1438, 0.1466],
        [0.1373, 0.1354, 0.1437, 0.1445, 0.1456, 0.1444, 0.1490]],
       device='cuda:1', grad_fn=<SoftmaxBackward>)
tensor([[0.1412, 0.1371, 0.1454, 0.1443, 0.1438, 0.1458, 0.1425],
        [0.1393, 0.1377, 0.1455, 0.1442, 0.1412, 0.1454, 0.1467],
        [0.1378, 0.1369, 0.1445, 0.1438, 0.1437, 0.1454, 0.1479],
        [0.1365, 0.1360, 0.1438, 0.1442, 0.1433, 0.1454, 0.1509],
        [0.1370, 0.1353, 0.1439, 0.1449, 0.1447, 0.1459, 0.1485]],
       device='cuda:1', grad_fn=<SoftmaxBackward>)

# Alpha - reduce
tensor([[0.1429, 0.1441, 0.1439, 0.1439, 0.1402, 0.1443, 0.1407],
        [0.1428, 0.1421, 0.1448, 0.1412, 0.1422, 0.1442, 0.1428]],
       device='cuda:1', grad_fn=<SoftmaxBackward>)
tensor([[0.1452, 0.1445, 0.1425, 0.1417, 0.1438, 0.1419, 0.1403],
        [0.1441, 0.1436, 0.1435, 0.1434, 0.1415, 0.1426, 0.1413],
        [0.1389, 0.1419, 0.1425, 0.1436, 0.1445, 0.1442, 0.1445]],
       device='cuda:1', grad_fn=<SoftmaxBackward>)
tensor([[0.1467, 0.1452, 0.1426, 0.1421, 0.1409, 0.1420, 0.1406],
        [0.1456, 0.1434, 0.1429, 0.1415, 0.1426, 0.1426, 0.1414],
        [0.1392, 0.1411, 0.1442, 0.1434, 0.1443, 0.1432, 0.1446],
        [0.1404, 0.1414, 0.1427, 0.1443, 0.1420, 0.1444, 0.1447]],
       device='cuda:1', grad_fn=<SoftmaxBackward>)
tensor([[0.1445, 0.1421, 0.1420, 0.1413, 0.1449, 0.1446, 0.1406],
        [0.1446, 0.1439, 0.1439, 0.1413, 0.1413, 0.1430, 0.1419],
        [0.1403, 0.1407, 0.1443, 0.1441, 0.1426, 0.1436, 0.1444],
        [0.1392, 0.1412, 0.1437, 0.1434, 0.1421, 0.1458, 0.1447],
        [0.1396, 0.1402, 0.1453, 0.1420, 0.1421, 0.1450, 0.1458]],
       device='cuda:1', grad_fn=<SoftmaxBackward>)
#####################

10/11 06:52:28 PM | Train: [ 4/100] Step 000/390 Loss 1.772 Prec@(1,5) (28.1%, 87.5%)
10/11 06:53:12 PM | Train: [ 4/100] Step 050/390 Loss 1.764 Prec@(1,5) (34.2%, 87.4%)
10/11 06:53:49 PM | Train: [ 4/100] Step 100/390 Loss 1.747 Prec@(1,5) (34.1%, 87.8%)
10/11 06:54:25 PM | Train: [ 4/100] Step 150/390 Loss 1.732 Prec@(1,5) (34.7%, 88.1%)
10/11 06:55:02 PM | Train: [ 4/100] Step 200/390 Loss 1.726 Prec@(1,5) (35.1%, 88.1%)
10/11 06:55:38 PM | Train: [ 4/100] Step 250/390 Loss 1.724 Prec@(1,5) (35.1%, 88.4%)
10/11 06:56:15 PM | Train: [ 4/100] Step 300/390 Loss 1.718 Prec@(1,5) (35.3%, 88.5%)
10/11 06:56:51 PM | Train: [ 4/100] Step 350/390 Loss 1.713 Prec@(1,5) (35.5%, 88.7%)
10/11 06:57:20 PM | Train: [ 4/100] Step 390/390 Loss 1.711 Prec@(1,5) (35.6%, 88.7%)
10/11 06:57:21 PM | Train: [ 4/100] Final Prec@1 35.6000%
10/11 06:57:21 PM | Valid: [ 4/100] Step 000/390 Loss 1.840 Prec@(1,5) (37.5%, 82.8%)
10/11 06:57:26 PM | Valid: [ 4/100] Step 050/390 Loss 1.886 Prec@(1,5) (30.2%, 85.3%)
10/11 06:57:31 PM | Valid: [ 4/100] Step 100/390 Loss 1.890 Prec@(1,5) (29.8%, 85.1%)
10/11 06:57:37 PM | Valid: [ 4/100] Step 150/390 Loss 1.891 Prec@(1,5) (29.8%, 85.4%)
10/11 06:57:42 PM | Valid: [ 4/100] Step 200/390 Loss 1.893 Prec@(1,5) (29.8%, 85.4%)
10/11 06:57:47 PM | Valid: [ 4/100] Step 250/390 Loss 1.894 Prec@(1,5) (29.6%, 85.4%)
10/11 06:57:53 PM | Valid: [ 4/100] Step 300/390 Loss 1.900 Prec@(1,5) (29.6%, 85.2%)
10/11 06:57:58 PM | Valid: [ 4/100] Step 350/390 Loss 1.904 Prec@(1,5) (29.5%, 85.1%)
10/11 06:58:02 PM | Valid: [ 4/100] Step 390/390 Loss 1.905 Prec@(1,5) (29.4%, 85.1%)
10/11 06:58:02 PM | Valid: [ 4/100] Final Prec@1 29.4360%
10/11 06:58:02 PM | genotype = Genotype(normal=[[('sep_conv_5x5', 0), ('dil_conv_3x3', 1)], [('dil_conv_5x5', 2), ('sep_conv_5x5', 0)], [('sep_conv_5x5', 2), ('sep_conv_3x3', 1)], [('dil_conv_5x5', 4), ('dil_conv_5x5', 3)]], normal_concat=range(2, 6), reduce=[[('avg_pool_3x3', 0), ('sep_conv_3x3', 1)], [('max_pool_3x3', 0), ('dil_conv_5x5', 2)], [('max_pool_3x3', 0), ('max_pool_3x3', 1)], [('sep_conv_3x3', 4), ('max_pool_3x3', 1)]], reduce_concat=range(2, 6))
####### ALPHA #######
# Alpha - normal
tensor([[0.1392, 0.1377, 0.1457, 0.1469, 0.1460, 0.1460, 0.1385],
        [0.1373, 0.1359, 0.1448, 0.1454, 0.1457, 0.1451, 0.1459]],
       device='cuda:1', grad_fn=<SoftmaxBackward>)
tensor([[0.1391, 0.1393, 0.1458, 0.1476, 0.1446, 0.1453, 0.1384],
        [0.1392, 0.1381, 0.1464, 0.1417, 0.1445, 0.1459, 0.1442],
        [0.1361, 0.1334, 0.1456, 0.1422, 0.1435, 0.1472, 0.1519]],
       device='cuda:1', grad_fn=<SoftmaxBackward>)
tensor([[0.1435, 0.1385, 0.1462, 0.1434, 0.1427, 0.1437, 0.1421],
        [0.1374, 0.1373, 0.1467, 0.1448, 0.1442, 0.1443, 0.1452],
        [0.1382, 0.1340, 0.1432, 0.1478, 0.1452, 0.1442, 0.1473],
        [0.1361, 0.1336, 0.1446, 0.1443, 0.1461, 0.1452, 0.1501]],
       device='cuda:1', grad_fn=<SoftmaxBackward>)
tensor([[0.1425, 0.1365, 0.1452, 0.1443, 0.1447, 0.1455, 0.1413],
        [0.1396, 0.1371, 0.1452, 0.1443, 0.1415, 0.1451, 0.1472],
        [0.1373, 0.1356, 0.1446, 0.1441, 0.1443, 0.1452, 0.1489],
        [0.1355, 0.1340, 0.1447, 0.1441, 0.1432, 0.1453, 0.1533],
        [0.1367, 0.1339, 0.1447, 0.1440, 0.1451, 0.1459, 0.1498]],
       device='cuda:1', grad_fn=<SoftmaxBackward>)

# Alpha - reduce
tensor([[0.1433, 0.1454, 0.1445, 0.1431, 0.1404, 0.1445, 0.1387],
        [0.1430, 0.1405, 0.1450, 0.1408, 0.1433, 0.1446, 0.1428]],
       device='cuda:1', grad_fn=<SoftmaxBackward>)
tensor([[0.1469, 0.1452, 0.1434, 0.1414, 0.1436, 0.1408, 0.1387],
        [0.1444, 0.1441, 0.1437, 0.1431, 0.1416, 0.1422, 0.1409],
        [0.1381, 0.1410, 0.1426, 0.1436, 0.1436, 0.1456, 0.1455]],
       device='cuda:1', grad_fn=<SoftmaxBackward>)
tensor([[0.1480, 0.1456, 0.1422, 0.1421, 0.1413, 0.1416, 0.1391],
        [0.1453, 0.1435, 0.1422, 0.1422, 0.1433, 0.1422, 0.1412],
        [0.1388, 0.1405, 0.1438, 0.1435, 0.1438, 0.1432, 0.1463],
        [0.1392, 0.1412, 0.1427, 0.1446, 0.1409, 0.1448, 0.1465]],
       device='cuda:1', grad_fn=<SoftmaxBackward>)
tensor([[0.1457, 0.1425, 0.1409, 0.1425, 0.1459, 0.1435, 0.1389],
        [0.1457, 0.1443, 0.1433, 0.1414, 0.1410, 0.1425, 0.1417],
        [0.1397, 0.1400, 0.1436, 0.1451, 0.1430, 0.1433, 0.1452],
        [0.1394, 0.1412, 0.1432, 0.1443, 0.1417, 0.1455, 0.1447],
        [0.1381, 0.1384, 0.1458, 0.1428, 0.1416, 0.1455, 0.1478]],
       device='cuda:1', grad_fn=<SoftmaxBackward>)
#####################

10/11 06:58:04 PM | Train: [ 5/100] Step 000/390 Loss 1.451 Prec@(1,5) (50.0%, 89.1%)
10/11 06:58:48 PM | Train: [ 5/100] Step 050/390 Loss 1.651 Prec@(1,5) (38.5%, 88.9%)
10/11 06:59:33 PM | Train: [ 5/100] Step 100/390 Loss 1.658 Prec@(1,5) (38.1%, 89.5%)
10/11 07:00:17 PM | Train: [ 5/100] Step 150/390 Loss 1.651 Prec@(1,5) (38.0%, 89.5%)
10/11 07:01:01 PM | Train: [ 5/100] Step 200/390 Loss 1.649 Prec@(1,5) (38.2%, 89.5%)
10/11 07:01:45 PM | Train: [ 5/100] Step 250/390 Loss 1.646 Prec@(1,5) (38.6%, 89.4%)
10/11 07:02:29 PM | Train: [ 5/100] Step 300/390 Loss 1.647 Prec@(1,5) (38.5%, 89.4%)
10/11 07:03:13 PM | Train: [ 5/100] Step 350/390 Loss 1.643 Prec@(1,5) (38.7%, 89.4%)
10/11 07:03:46 PM | Train: [ 5/100] Step 390/390 Loss 1.640 Prec@(1,5) (38.9%, 89.4%)
10/11 07:03:46 PM | Train: [ 5/100] Final Prec@1 38.8760%
10/11 07:03:46 PM | Valid: [ 5/100] Step 000/390 Loss 1.662 Prec@(1,5) (34.4%, 90.6%)
10/11 07:03:52 PM | Valid: [ 5/100] Step 050/390 Loss 1.715 Prec@(1,5) (36.3%, 88.8%)
10/11 07:03:58 PM | Valid: [ 5/100] Step 100/390 Loss 1.705 Prec@(1,5) (37.1%, 89.4%)
10/11 07:04:03 PM | Valid: [ 5/100] Step 150/390 Loss 1.712 Prec@(1,5) (36.7%, 89.1%)
10/11 07:04:09 PM | Valid: [ 5/100] Step 200/390 Loss 1.716 Prec@(1,5) (36.9%, 88.9%)
10/11 07:04:15 PM | Valid: [ 5/100] Step 250/390 Loss 1.719 Prec@(1,5) (36.9%, 88.9%)
10/11 07:04:20 PM | Valid: [ 5/100] Step 300/390 Loss 1.722 Prec@(1,5) (36.6%, 88.7%)
10/11 07:04:26 PM | Valid: [ 5/100] Step 350/390 Loss 1.722 Prec@(1,5) (36.7%, 88.8%)
10/11 07:04:30 PM | Valid: [ 5/100] Step 390/390 Loss 1.723 Prec@(1,5) (36.7%, 88.7%)
10/11 07:04:30 PM | Valid: [ 5/100] Final Prec@1 36.7200%
10/11 07:04:30 PM | genotype = Genotype(normal=[[('sep_conv_5x5', 0), ('dil_conv_3x3', 1)], [('dil_conv_5x5', 2), ('sep_conv_5x5', 0)], [('sep_conv_5x5', 2), ('sep_conv_3x3', 1)], [('sep_conv_3x3', 3), ('dil_conv_5x5', 1)]], normal_concat=range(2, 6), reduce=[[('avg_pool_3x3', 0), ('sep_conv_3x3', 1)], [('max_pool_3x3', 0), ('dil_conv_5x5', 2)], [('max_pool_3x3', 0), ('max_pool_3x3', 1)], [('max_pool_3x3', 0), ('sep_conv_3x3', 4)]], reduce_concat=range(2, 6))
####### ALPHA #######
# Alpha - normal
tensor([[0.1397, 0.1361, 0.1468, 0.1475, 0.1466, 0.1461, 0.1373],
        [0.1364, 0.1355, 0.1458, 0.1458, 0.1459, 0.1446, 0.1459]],
       device='cuda:1', grad_fn=<SoftmaxBackward>)
tensor([[0.1398, 0.1390, 0.1471, 0.1483, 0.1452, 0.1453, 0.1352],
        [0.1395, 0.1373, 0.1476, 0.1418, 0.1436, 0.1460, 0.1442],
        [0.1349, 0.1325, 0.1454, 0.1419, 0.1442, 0.1478, 0.1532]],
       device='cuda:1', grad_fn=<SoftmaxBackward>)
tensor([[0.1443, 0.1369, 0.1469, 0.1461, 0.1424, 0.1428, 0.1406],
        [0.1383, 0.1363, 0.1477, 0.1451, 0.1437, 0.1438, 0.1451],
        [0.1361, 0.1328, 0.1438, 0.1489, 0.1452, 0.1445, 0.1487],
        [0.1348, 0.1318, 0.1453, 0.1456, 0.1461, 0.1453, 0.1512]],
       device='cuda:1', grad_fn=<SoftmaxBackward>)
tensor([[0.1429, 0.1360, 0.1450, 0.1449, 0.1452, 0.1458, 0.1401],
        [0.1401, 0.1361, 0.1449, 0.1440, 0.1416, 0.1457, 0.1476],
        [0.1362, 0.1358, 0.1438, 0.1437, 0.1449, 0.1454, 0.1502],
        [0.1343, 0.1321, 0.1462, 0.1436, 0.1436, 0.1439, 0.1563],
        [0.1355, 0.1333, 0.1438, 0.1439, 0.1454, 0.1453, 0.1528]],
       device='cuda:1', grad_fn=<SoftmaxBackward>)

# Alpha - reduce
tensor([[0.1440, 0.1455, 0.1440, 0.1441, 0.1401, 0.1443, 0.1379],
        [0.1439, 0.1410, 0.1451, 0.1407, 0.1430, 0.1444, 0.1420]],
       device='cuda:1', grad_fn=<SoftmaxBackward>)
tensor([[0.1481, 0.1472, 0.1440, 0.1400, 0.1439, 0.1394, 0.1373],
        [0.1449, 0.1447, 0.1433, 0.1425, 0.1419, 0.1415, 0.1411],
        [0.1375, 0.1393, 0.1426, 0.1449, 0.1433, 0.1458, 0.1466]],
       device='cuda:1', grad_fn=<SoftmaxBackward>)
tensor([[0.1494, 0.1470, 0.1420, 0.1416, 0.1399, 0.1422, 0.1378],
        [0.1461, 0.1436, 0.1417, 0.1418, 0.1432, 0.1421, 0.1416],
        [0.1373, 0.1405, 0.1438, 0.1451, 0.1439, 0.1431, 0.1463],
        [0.1383, 0.1411, 0.1421, 0.1448, 0.1406, 0.1457, 0.1473]],
       device='cuda:1', grad_fn=<SoftmaxBackward>)
tensor([[0.1474, 0.1434, 0.1410, 0.1427, 0.1457, 0.1421, 0.1378],
        [0.1459, 0.1444, 0.1433, 0.1414, 0.1405, 0.1430, 0.1415],
        [0.1403, 0.1387, 0.1428, 0.1454, 0.1433, 0.1430, 0.1466],
        [0.1386, 0.1410, 0.1422, 0.1447, 0.1420, 0.1463, 0.1453],
        [0.1376, 0.1385, 0.1463, 0.1420, 0.1420, 0.1456, 0.1479]],
       device='cuda:1', grad_fn=<SoftmaxBackward>)
#####################

10/11 07:04:32 PM | Train: [ 6/100] Step 000/390 Loss 1.563 Prec@(1,5) (39.1%, 90.6%)
10/11 07:05:17 PM | Train: [ 6/100] Step 050/390 Loss 1.610 Prec@(1,5) (39.8%, 90.0%)
10/11 07:06:01 PM | Train: [ 6/100] Step 100/390 Loss 1.616 Prec@(1,5) (40.1%, 89.9%)
10/11 07:06:46 PM | Train: [ 6/100] Step 150/390 Loss 1.597 Prec@(1,5) (40.4%, 90.4%)
10/11 07:07:30 PM | Train: [ 6/100] Step 200/390 Loss 1.590 Prec@(1,5) (40.6%, 90.7%)
10/11 07:08:15 PM | Train: [ 6/100] Step 250/390 Loss 1.588 Prec@(1,5) (40.9%, 90.9%)
10/11 07:08:59 PM | Train: [ 6/100] Step 300/390 Loss 1.585 Prec@(1,5) (41.2%, 90.8%)
10/11 07:09:42 PM | Train: [ 6/100] Step 350/390 Loss 1.582 Prec@(1,5) (41.2%, 90.9%)
10/11 07:10:17 PM | Train: [ 6/100] Step 390/390 Loss 1.578 Prec@(1,5) (41.4%, 90.8%)
10/11 07:10:18 PM | Train: [ 6/100] Final Prec@1 41.4120%
10/11 07:10:18 PM | Valid: [ 6/100] Step 000/390 Loss 1.301 Prec@(1,5) (45.3%, 93.8%)
10/11 07:10:23 PM | Valid: [ 6/100] Step 050/390 Loss 1.500 Prec@(1,5) (42.2%, 91.2%)
10/11 07:10:28 PM | Valid: [ 6/100] Step 100/390 Loss 1.503 Prec@(1,5) (42.6%, 91.5%)
10/11 07:10:33 PM | Valid: [ 6/100] Step 150/390 Loss 1.515 Prec@(1,5) (42.3%, 91.4%)
10/11 07:10:39 PM | Valid: [ 6/100] Step 200/390 Loss 1.512 Prec@(1,5) (42.4%, 91.3%)
10/11 07:10:44 PM | Valid: [ 6/100] Step 250/390 Loss 1.509 Prec@(1,5) (42.5%, 91.4%)
10/11 07:10:50 PM | Valid: [ 6/100] Step 300/390 Loss 1.509 Prec@(1,5) (42.4%, 91.4%)
10/11 07:10:55 PM | Valid: [ 6/100] Step 350/390 Loss 1.512 Prec@(1,5) (42.3%, 91.4%)
10/11 07:10:59 PM | Valid: [ 6/100] Step 390/390 Loss 1.516 Prec@(1,5) (42.1%, 91.3%)
10/11 07:10:59 PM | Valid: [ 6/100] Final Prec@1 42.0840%
10/11 07:10:59 PM | genotype = Genotype(normal=[[('sep_conv_5x5', 0), ('sep_conv_3x3', 1)], [('sep_conv_5x5', 0), ('dil_conv_5x5', 2)], [('sep_conv_5x5', 2), ('sep_conv_3x3', 1)], [('sep_conv_3x3', 3), ('sep_conv_5x5', 0)]], normal_concat=range(2, 6), reduce=[[('avg_pool_3x3', 0), ('dil_conv_5x5', 1)], [('max_pool_3x3', 0), ('avg_pool_3x3', 1)], [('max_pool_3x3', 0), ('sep_conv_5x5', 2)], [('max_pool_3x3', 0), ('dil_conv_5x5', 3)]], reduce_concat=range(2, 6))
####### ALPHA #######
# Alpha - normal
tensor([[0.1394, 0.1354, 0.1476, 0.1488, 0.1474, 0.1474, 0.1340],
        [0.1371, 0.1351, 0.1470, 0.1462, 0.1452, 0.1436, 0.1459]],
       device='cuda:1', grad_fn=<SoftmaxBackward>)
tensor([[0.1418, 0.1374, 0.1490, 0.1498, 0.1459, 0.1443, 0.1317],
        [0.1405, 0.1365, 0.1475, 0.1422, 0.1441, 0.1454, 0.1438],
        [0.1343, 0.1304, 0.1464, 0.1416, 0.1441, 0.1479, 0.1553]],
       device='cuda:1', grad_fn=<SoftmaxBackward>)
tensor([[0.1464, 0.1359, 0.1472, 0.1466, 0.1427, 0.1431, 0.1380],
        [0.1397, 0.1365, 0.1482, 0.1442, 0.1430, 0.1433, 0.1452],
        [0.1369, 0.1322, 0.1435, 0.1500, 0.1446, 0.1422, 0.1504],
        [0.1336, 0.1304, 0.1454, 0.1462, 0.1459, 0.1459, 0.1526]],
       device='cuda:1', grad_fn=<SoftmaxBackward>)
tensor([[0.1442, 0.1351, 0.1453, 0.1472, 0.1443, 0.1468, 0.1372],
        [0.1406, 0.1368, 0.1452, 0.1443, 0.1418, 0.1442, 0.1472],
        [0.1359, 0.1359, 0.1427, 0.1445, 0.1450, 0.1452, 0.1508],
        [0.1331, 0.1309, 0.1470, 0.1433, 0.1435, 0.1442, 0.1580],
        [0.1351, 0.1327, 0.1438, 0.1443, 0.1445, 0.1454, 0.1543]],
       device='cuda:1', grad_fn=<SoftmaxBackward>)

# Alpha - reduce
tensor([[0.1436, 0.1469, 0.1437, 0.1454, 0.1392, 0.1447, 0.1365],
        [0.1441, 0.1409, 0.1443, 0.1418, 0.1431, 0.1447, 0.1411]],
       device='cuda:1', grad_fn=<SoftmaxBackward>)
tensor([[0.1484, 0.1475, 0.1447, 0.1401, 0.1440, 0.1389, 0.1363],
        [0.1456, 0.1462, 0.1419, 0.1431, 0.1411, 0.1419, 0.1402],
        [0.1368, 0.1382, 0.1436, 0.1443, 0.1429, 0.1452, 0.1489]],
       device='cuda:1', grad_fn=<SoftmaxBackward>)
tensor([[0.1515, 0.1487, 0.1410, 0.1417, 0.1395, 0.1413, 0.1363],
        [0.1461, 0.1439, 0.1417, 0.1414, 0.1434, 0.1421, 0.1413],
        [0.1376, 0.1411, 0.1431, 0.1464, 0.1427, 0.1433, 0.1458],
        [0.1373, 0.1402, 0.1420, 0.1455, 0.1401, 0.1459, 0.1491]],
       device='cuda:1', grad_fn=<SoftmaxBackward>)
tensor([[0.1491, 0.1444, 0.1405, 0.1419, 0.1462, 0.1417, 0.1362],
        [0.1461, 0.1452, 0.1429, 0.1420, 0.1402, 0.1430, 0.1406],
        [0.1404, 0.1388, 0.1426, 0.1449, 0.1435, 0.1427, 0.1471],
        [0.1377, 0.1409, 0.1424, 0.1449, 0.1419, 0.1467, 0.1455],
        [0.1369, 0.1377, 0.1462, 0.1430, 0.1415, 0.1462, 0.1485]],
       device='cuda:1', grad_fn=<SoftmaxBackward>)
#####################

10/11 07:11:01 PM | Train: [ 7/100] Step 000/390 Loss 1.653 Prec@(1,5) (37.5%, 85.9%)
10/11 07:11:45 PM | Train: [ 7/100] Step 050/390 Loss 1.533 Prec@(1,5) (44.0%, 91.5%)
10/11 07:12:30 PM | Train: [ 7/100] Step 100/390 Loss 1.526 Prec@(1,5) (43.8%, 91.9%)
10/11 07:13:14 PM | Train: [ 7/100] Step 150/390 Loss 1.524 Prec@(1,5) (43.9%, 91.7%)
10/11 07:13:54 PM | Train: [ 7/100] Step 200/390 Loss 1.524 Prec@(1,5) (44.0%, 91.7%)
10/11 07:14:30 PM | Train: [ 7/100] Step 250/390 Loss 1.520 Prec@(1,5) (44.1%, 91.7%)
10/11 07:15:11 PM | Train: [ 7/100] Step 300/390 Loss 1.520 Prec@(1,5) (44.0%, 91.6%)
10/11 07:15:50 PM | Train: [ 7/100] Step 350/390 Loss 1.518 Prec@(1,5) (44.1%, 91.6%)
10/11 07:16:19 PM | Train: [ 7/100] Step 390/390 Loss 1.518 Prec@(1,5) (44.0%, 91.6%)
10/11 07:16:19 PM | Train: [ 7/100] Final Prec@1 43.9680%
10/11 07:16:19 PM | Valid: [ 7/100] Step 000/390 Loss 1.811 Prec@(1,5) (31.2%, 92.2%)
10/11 07:16:25 PM | Valid: [ 7/100] Step 050/390 Loss 1.720 Prec@(1,5) (41.1%, 89.8%)
10/11 07:16:31 PM | Valid: [ 7/100] Step 100/390 Loss 1.723 Prec@(1,5) (40.7%, 89.7%)
10/11 07:16:36 PM | Valid: [ 7/100] Step 150/390 Loss 1.728 Prec@(1,5) (40.8%, 89.5%)
10/11 07:16:42 PM | Valid: [ 7/100] Step 200/390 Loss 1.726 Prec@(1,5) (41.2%, 89.2%)
10/11 07:16:47 PM | Valid: [ 7/100] Step 250/390 Loss 1.731 Prec@(1,5) (41.2%, 89.1%)
10/11 07:16:53 PM | Valid: [ 7/100] Step 300/390 Loss 1.738 Prec@(1,5) (41.0%, 88.9%)
10/11 07:16:58 PM | Valid: [ 7/100] Step 350/390 Loss 1.740 Prec@(1,5) (41.1%, 88.9%)
10/11 07:17:03 PM | Valid: [ 7/100] Step 390/390 Loss 1.732 Prec@(1,5) (41.2%, 89.0%)
10/11 07:17:03 PM | Valid: [ 7/100] Final Prec@1 41.1600%
10/11 07:17:03 PM | genotype = Genotype(normal=[[('sep_conv_5x5', 0), ('sep_conv_3x3', 1)], [('sep_conv_3x3', 0), ('dil_conv_5x5', 2)], [('sep_conv_5x5', 2), ('sep_conv_3x3', 1)], [('sep_conv_5x5', 0), ('sep_conv_3x3', 3)]], normal_concat=range(2, 6), reduce=[[('avg_pool_3x3', 0), ('dil_conv_5x5', 1)], [('max_pool_3x3', 0), ('max_pool_3x3', 1)], [('max_pool_3x3', 0), ('sep_conv_5x5', 2)], [('max_pool_3x3', 0), ('dil_conv_5x5', 4)]], reduce_concat=range(2, 6))
####### ALPHA #######
# Alpha - normal
tensor([[0.1397, 0.1329, 0.1495, 0.1506, 0.1480, 0.1474, 0.1319],
        [0.1383, 0.1341, 0.1479, 0.1462, 0.1454, 0.1427, 0.1455]],
       device='cuda:1', grad_fn=<SoftmaxBackward>)
tensor([[0.1429, 0.1364, 0.1503, 0.1501, 0.1469, 0.1435, 0.1299],
        [0.1416, 0.1369, 0.1478, 0.1419, 0.1423, 0.1461, 0.1434],
        [0.1339, 0.1296, 0.1475, 0.1407, 0.1436, 0.1486, 0.1562]],
       device='cuda:1', grad_fn=<SoftmaxBackward>)
tensor([[0.1486, 0.1347, 0.1469, 0.1481, 0.1421, 0.1440, 0.1356],
        [0.1411, 0.1368, 0.1486, 0.1429, 0.1433, 0.1434, 0.1439],
        [0.1358, 0.1314, 0.1432, 0.1506, 0.1436, 0.1428, 0.1526],
        [0.1313, 0.1288, 0.1457, 0.1467, 0.1457, 0.1470, 0.1549]],
       device='cuda:1', grad_fn=<SoftmaxBackward>)
tensor([[0.1469, 0.1339, 0.1464, 0.1489, 0.1435, 0.1462, 0.1342],
        [0.1431, 0.1359, 0.1451, 0.1439, 0.1423, 0.1434, 0.1463],
        [0.1352, 0.1349, 0.1434, 0.1444, 0.1453, 0.1446, 0.1523],
        [0.1316, 0.1307, 0.1476, 0.1434, 0.1439, 0.1438, 0.1591],
        [0.1334, 0.1317, 0.1437, 0.1439, 0.1452, 0.1453, 0.1568]],
       device='cuda:1', grad_fn=<SoftmaxBackward>)

# Alpha - reduce
tensor([[0.1432, 0.1479, 0.1442, 0.1457, 0.1405, 0.1437, 0.1348],
        [0.1440, 0.1421, 0.1444, 0.1421, 0.1419, 0.1447, 0.1409]],
       device='cuda:1', grad_fn=<SoftmaxBackward>)
tensor([[0.1500, 0.1477, 0.1444, 0.1402, 0.1440, 0.1385, 0.1352],
        [0.1461, 0.1460, 0.1426, 0.1437, 0.1398, 0.1417, 0.1401],
        [0.1354, 0.1368, 0.1438, 0.1450, 0.1432, 0.1454, 0.1503]],
       device='cuda:1', grad_fn=<SoftmaxBackward>)
tensor([[0.1533, 0.1496, 0.1398, 0.1413, 0.1388, 0.1424, 0.1349],
        [0.1476, 0.1440, 0.1415, 0.1407, 0.1440, 0.1420, 0.1403],
        [0.1360, 0.1415, 0.1415, 0.1478, 0.1429, 0.1443, 0.1459],
        [0.1369, 0.1387, 0.1424, 0.1465, 0.1400, 0.1465, 0.1489]],
       device='cuda:1', grad_fn=<SoftmaxBackward>)
tensor([[0.1503, 0.1452, 0.1398, 0.1419, 0.1469, 0.1407, 0.1354],
        [0.1464, 0.1455, 0.1418, 0.1419, 0.1406, 0.1428, 0.1411],
        [0.1389, 0.1394, 0.1418, 0.1448, 0.1442, 0.1424, 0.1484],
        [0.1376, 0.1390, 0.1439, 0.1451, 0.1415, 0.1471, 0.1460],
        [0.1369, 0.1365, 0.1451, 0.1445, 0.1418, 0.1475, 0.1477]],
       device='cuda:1', grad_fn=<SoftmaxBackward>)
#####################

10/11 07:17:05 PM | Train: [ 8/100] Step 000/390 Loss 1.747 Prec@(1,5) (37.5%, 92.2%)
10/11 07:17:48 PM | Train: [ 8/100] Step 050/390 Loss 1.487 Prec@(1,5) (45.8%, 92.5%)
10/11 07:18:32 PM | Train: [ 8/100] Step 100/390 Loss 1.480 Prec@(1,5) (45.4%, 92.1%)
10/11 07:19:16 PM | Train: [ 8/100] Step 150/390 Loss 1.476 Prec@(1,5) (45.5%, 92.2%)
10/11 07:20:00 PM | Train: [ 8/100] Step 200/390 Loss 1.476 Prec@(1,5) (45.8%, 92.2%)
10/11 07:20:44 PM | Train: [ 8/100] Step 250/390 Loss 1.472 Prec@(1,5) (45.6%, 92.2%)
10/11 07:21:27 PM | Train: [ 8/100] Step 300/390 Loss 1.477 Prec@(1,5) (45.6%, 92.1%)
10/11 07:22:11 PM | Train: [ 8/100] Step 350/390 Loss 1.472 Prec@(1,5) (45.9%, 92.0%)
10/11 07:22:47 PM | Train: [ 8/100] Step 390/390 Loss 1.470 Prec@(1,5) (46.0%, 92.0%)
10/11 07:22:47 PM | Train: [ 8/100] Final Prec@1 45.9840%
10/11 07:22:47 PM | Valid: [ 8/100] Step 000/390 Loss 1.593 Prec@(1,5) (42.2%, 92.2%)
10/11 07:22:53 PM | Valid: [ 8/100] Step 050/390 Loss 1.492 Prec@(1,5) (45.4%, 91.0%)
10/11 07:22:58 PM | Valid: [ 8/100] Step 100/390 Loss 1.487 Prec@(1,5) (45.7%, 91.1%)
10/11 07:23:04 PM | Valid: [ 8/100] Step 150/390 Loss 1.502 Prec@(1,5) (44.9%, 91.0%)
10/11 07:23:09 PM | Valid: [ 8/100] Step 200/390 Loss 1.503 Prec@(1,5) (44.9%, 90.9%)
10/11 07:23:15 PM | Valid: [ 8/100] Step 250/390 Loss 1.500 Prec@(1,5) (45.2%, 91.0%)
10/11 07:23:21 PM | Valid: [ 8/100] Step 300/390 Loss 1.501 Prec@(1,5) (45.2%, 91.0%)
10/11 07:23:27 PM | Valid: [ 8/100] Step 350/390 Loss 1.500 Prec@(1,5) (45.1%, 91.0%)
10/11 07:23:31 PM | Valid: [ 8/100] Step 390/390 Loss 1.500 Prec@(1,5) (45.0%, 91.0%)
10/11 07:23:31 PM | Valid: [ 8/100] Final Prec@1 45.0120%
10/11 07:23:31 PM | genotype = Genotype(normal=[[('sep_conv_3x3', 0), ('sep_conv_3x3', 1)], [('sep_conv_3x3', 0), ('sep_conv_3x3', 1)], [('sep_conv_5x5', 2), ('max_pool_3x3', 0)], [('sep_conv_5x5', 0), ('sep_conv_3x3', 3)]], normal_concat=range(2, 6), reduce=[[('avg_pool_3x3', 0), ('sep_conv_3x3', 1)], [('max_pool_3x3', 0), ('max_pool_3x3', 1)], [('max_pool_3x3', 0), ('max_pool_3x3', 1)], [('max_pool_3x3', 0), ('dil_conv_5x5', 4)]], reduce_concat=range(2, 6))
####### ALPHA #######
# Alpha - normal
tensor([[0.1373, 0.1309, 0.1524, 0.1516, 0.1496, 0.1484, 0.1297],
        [0.1382, 0.1340, 0.1466, 0.1463, 0.1455, 0.1428, 0.1467]],
       device='cuda:1', grad_fn=<SoftmaxBackward>)
tensor([[0.1445, 0.1327, 0.1522, 0.1507, 0.1495, 0.1434, 0.1269],
        [0.1435, 0.1364, 0.1491, 0.1425, 0.1414, 0.1457, 0.1416],
        [0.1322, 0.1283, 0.1483, 0.1401, 0.1446, 0.1476, 0.1589]],
       device='cuda:1', grad_fn=<SoftmaxBackward>)
tensor([[0.1496, 0.1338, 0.1489, 0.1490, 0.1414, 0.1447, 0.1325],
        [0.1420, 0.1364, 0.1493, 0.1430, 0.1428, 0.1433, 0.1432],
        [0.1355, 0.1312, 0.1433, 0.1510, 0.1432, 0.1419, 0.1539],
        [0.1302, 0.1276, 0.1464, 0.1460, 0.1451, 0.1478, 0.1569]],
       device='cuda:1', grad_fn=<SoftmaxBackward>)
tensor([[0.1486, 0.1331, 0.1476, 0.1499, 0.1425, 0.1467, 0.1317],
        [0.1435, 0.1345, 0.1472, 0.1442, 0.1427, 0.1421, 0.1458],
        [0.1360, 0.1338, 0.1441, 0.1444, 0.1443, 0.1444, 0.1530],
        [0.1301, 0.1298, 0.1483, 0.1441, 0.1426, 0.1446, 0.1606],
        [0.1329, 0.1304, 0.1445, 0.1433, 0.1454, 0.1452, 0.1584]],
       device='cuda:1', grad_fn=<SoftmaxBackward>)

# Alpha - reduce
tensor([[0.1431, 0.1482, 0.1437, 0.1474, 0.1410, 0.1435, 0.1330],
        [0.1442, 0.1410, 0.1451, 0.1428, 0.1414, 0.1442, 0.1414]],
       device='cuda:1', grad_fn=<SoftmaxBackward>)
tensor([[0.1515, 0.1479, 0.1451, 0.1398, 0.1428, 0.1378, 0.1352],
        [0.1475, 0.1459, 0.1425, 0.1450, 0.1392, 0.1403, 0.1397],
        [0.1352, 0.1359, 0.1426, 0.1462, 0.1432, 0.1467, 0.1504]],
       device='cuda:1', grad_fn=<SoftmaxBackward>)
tensor([[0.1537, 0.1505, 0.1384, 0.1426, 0.1380, 0.1432, 0.1336],
        [0.1494, 0.1451, 0.1403, 0.1413, 0.1427, 0.1414, 0.1399],
        [0.1354, 0.1402, 0.1434, 0.1483, 0.1421, 0.1438, 0.1469],
        [0.1362, 0.1389, 0.1425, 0.1468, 0.1390, 0.1477, 0.1488]],
       device='cuda:1', grad_fn=<SoftmaxBackward>)
tensor([[0.1521, 0.1469, 0.1394, 0.1423, 0.1460, 0.1402, 0.1330],
        [0.1468, 0.1453, 0.1407, 0.1425, 0.1409, 0.1435, 0.1403],
        [0.1388, 0.1374, 0.1421, 0.1453, 0.1434, 0.1439, 0.1491],
        [0.1367, 0.1384, 0.1430, 0.1455, 0.1419, 0.1478, 0.1465],
        [0.1371, 0.1364, 0.1446, 0.1445, 0.1415, 0.1484, 0.1475]],
       device='cuda:1', grad_fn=<SoftmaxBackward>)
#####################

10/11 07:23:33 PM | Train: [ 9/100] Step 000/390 Loss 1.163 Prec@(1,5) (53.1%, 96.9%)
10/11 07:24:18 PM | Train: [ 9/100] Step 050/390 Loss 1.450 Prec@(1,5) (46.7%, 93.1%)
10/11 07:24:59 PM | Train: [ 9/100] Step 100/390 Loss 1.437 Prec@(1,5) (47.0%, 92.9%)
10/11 07:25:39 PM | Train: [ 9/100] Step 150/390 Loss 1.423 Prec@(1,5) (47.4%, 92.8%)
10/11 07:26:19 PM | Train: [ 9/100] Step 200/390 Loss 1.428 Prec@(1,5) (47.2%, 92.7%)
10/11 07:27:00 PM | Train: [ 9/100] Step 250/390 Loss 1.422 Prec@(1,5) (47.4%, 92.7%)
10/11 07:27:44 PM | Train: [ 9/100] Step 300/390 Loss 1.418 Prec@(1,5) (47.8%, 92.8%)
10/11 07:28:29 PM | Train: [ 9/100] Step 350/390 Loss 1.416 Prec@(1,5) (47.8%, 92.8%)
10/11 07:29:05 PM | Train: [ 9/100] Step 390/390 Loss 1.415 Prec@(1,5) (47.9%, 92.9%)
