10/10 05:31:08 PM | 
10/10 05:31:08 PM | Parameters:
10/10 05:31:08 PM | ALPHA_LR=0.0003
10/10 05:31:08 PM | ALPHA_WEIGHT_DECAY=0.001
10/10 05:31:08 PM | BATCH_SIZE=64
10/10 05:31:08 PM | DATA_PATH=./data/
10/10 05:31:08 PM | DATASET=cifar10
10/10 05:31:08 PM | EPOCHS=100
10/10 05:31:08 PM | GPUS=[1]
10/10 05:31:08 PM | HV_TYPE=0
10/10 05:31:08 PM | INIT_CHANNELS=16
10/10 05:31:08 PM | LAYERS=8
10/10 05:31:08 PM | MULTI_AVG_RANK=0
10/10 05:31:08 PM | MULTI_AVG_SIZE=0
10/10 05:31:08 PM | N_NODES=4
10/10 05:31:08 PM | NAME=cifar10
10/10 05:31:08 PM | OPS_SET=1
10/10 05:31:08 PM | PATH=searchs/cifar10
10/10 05:31:08 PM | PLOT_PATH=searchs/cifar10/plots
10/10 05:31:08 PM | PRINT_FREQ=50
10/10 05:31:08 PM | PROXYLESS=True
10/10 05:31:08 PM | SEED=2
10/10 05:31:08 PM | W_GRAD_CLIP=5.0
10/10 05:31:08 PM | W_LR=0.025
10/10 05:31:08 PM | W_LR_MIN=0.001
10/10 05:31:08 PM | W_MOMENTUM=0.9
10/10 05:31:08 PM | W_WEIGHT_DECAY=0.0003
10/10 05:31:08 PM | WORKERS=4
10/10 05:31:08 PM | 
10/10 05:31:08 PM | Logger is set - training start
####### ALPHA #######
# Alpha - normal
tensor([[0.1249, 0.1252, 0.1249, 0.1249, 0.1249, 0.1252, 0.1249, 0.1250],
        [0.1249, 0.1251, 0.1250, 0.1250, 0.1252, 0.1249, 0.1250, 0.1250]],
       device='cuda:1', grad_fn=<SoftmaxBackward>)
tensor([[0.1249, 0.1253, 0.1250, 0.1250, 0.1249, 0.1250, 0.1250, 0.1249],
        [0.1251, 0.1247, 0.1249, 0.1253, 0.1248, 0.1249, 0.1251, 0.1253],
        [0.1250, 0.1250, 0.1249, 0.1251, 0.1252, 0.1250, 0.1251, 0.1249]],
       device='cuda:1', grad_fn=<SoftmaxBackward>)
tensor([[0.1250, 0.1249, 0.1250, 0.1250, 0.1250, 0.1251, 0.1249, 0.1251],
        [0.1250, 0.1249, 0.1251, 0.1249, 0.1249, 0.1253, 0.1252, 0.1248],
        [0.1250, 0.1250, 0.1251, 0.1248, 0.1251, 0.1250, 0.1251, 0.1250],
        [0.1250, 0.1251, 0.1250, 0.1251, 0.1251, 0.1251, 0.1249, 0.1248]],
       device='cuda:1', grad_fn=<SoftmaxBackward>)
tensor([[0.1250, 0.1250, 0.1249, 0.1249, 0.1251, 0.1250, 0.1249, 0.1252],
        [0.1250, 0.1252, 0.1252, 0.1248, 0.1250, 0.1249, 0.1248, 0.1251],
        [0.1251, 0.1251, 0.1250, 0.1251, 0.1248, 0.1250, 0.1249, 0.1249],
        [0.1249, 0.1250, 0.1250, 0.1253, 0.1251, 0.1251, 0.1247, 0.1249],
        [0.1251, 0.1251, 0.1252, 0.1249, 0.1249, 0.1251, 0.1250, 0.1249]],
       device='cuda:1', grad_fn=<SoftmaxBackward>)

# Alpha - reduce
tensor([[0.1248, 0.1249, 0.1249, 0.1251, 0.1250, 0.1250, 0.1251, 0.1251],
        [0.1250, 0.1248, 0.1249, 0.1252, 0.1249, 0.1250, 0.1249, 0.1251]],
       device='cuda:1', grad_fn=<SoftmaxBackward>)
tensor([[0.1251, 0.1249, 0.1252, 0.1249, 0.1250, 0.1250, 0.1249, 0.1250],
        [0.1250, 0.1249, 0.1250, 0.1251, 0.1251, 0.1249, 0.1250, 0.1251],
        [0.1250, 0.1250, 0.1250, 0.1249, 0.1250, 0.1250, 0.1250, 0.1252]],
       device='cuda:1', grad_fn=<SoftmaxBackward>)
tensor([[0.1251, 0.1247, 0.1249, 0.1252, 0.1252, 0.1249, 0.1251, 0.1249],
        [0.1250, 0.1250, 0.1250, 0.1251, 0.1253, 0.1249, 0.1249, 0.1248],
        [0.1250, 0.1252, 0.1250, 0.1250, 0.1251, 0.1248, 0.1251, 0.1249],
        [0.1250, 0.1251, 0.1251, 0.1249, 0.1248, 0.1251, 0.1250, 0.1250]],
       device='cuda:1', grad_fn=<SoftmaxBackward>)
tensor([[0.1250, 0.1249, 0.1251, 0.1251, 0.1251, 0.1249, 0.1250, 0.1250],
        [0.1252, 0.1249, 0.1251, 0.1251, 0.1250, 0.1249, 0.1249, 0.1249],
        [0.1249, 0.1250, 0.1251, 0.1250, 0.1249, 0.1250, 0.1250, 0.1252],
        [0.1250, 0.1249, 0.1250, 0.1251, 0.1250, 0.1251, 0.1250, 0.1249],
        [0.1249, 0.1251, 0.1250, 0.1251, 0.1248, 0.1251, 0.1249, 0.1251]],
       device='cuda:1', grad_fn=<SoftmaxBackward>)
#####################
Files already downloaded and verified
10/10 05:31:14 PM | Train: [ 1/100] Step 000/390 Loss 2.307 Prec@(1,5) (14.1%, 56.2%)
10/10 05:31:56 PM | Train: [ 1/100] Step 050/390 Loss 2.315 Prec@(1,5) (15.0%, 62.3%)
10/10 05:32:37 PM | Train: [ 1/100] Step 100/390 Loss 2.299 Prec@(1,5) (17.3%, 66.2%)
10/10 05:33:19 PM | Train: [ 1/100] Step 150/390 Loss 2.305 Prec@(1,5) (18.0%, 68.1%)
10/10 05:34:00 PM | Train: [ 1/100] Step 200/390 Loss 2.297 Prec@(1,5) (18.8%, 69.3%)
10/10 05:34:42 PM | Train: [ 1/100] Step 250/390 Loss 2.281 Prec@(1,5) (19.2%, 70.8%)
10/10 05:35:23 PM | Train: [ 1/100] Step 300/390 Loss 2.261 Prec@(1,5) (19.6%, 71.9%)
10/10 05:36:03 PM | Train: [ 1/100] Step 350/390 Loss 2.237 Prec@(1,5) (20.0%, 72.9%)
10/10 05:36:36 PM | Train: [ 1/100] Step 390/390 Loss 2.221 Prec@(1,5) (20.3%, 73.5%)
10/10 05:36:36 PM | Train: [ 1/100] Final Prec@1 20.3360%
10/10 05:36:36 PM | Valid: [ 1/100] Step 000/390 Loss 2.094 Prec@(1,5) (18.8%, 71.9%)
10/10 05:36:41 PM | Valid: [ 1/100] Step 050/390 Loss 2.119 Prec@(1,5) (18.8%, 74.8%)
10/10 05:36:46 PM | Valid: [ 1/100] Step 100/390 Loss 2.126 Prec@(1,5) (18.9%, 73.9%)
10/10 05:36:51 PM | Valid: [ 1/100] Step 150/390 Loss 2.127 Prec@(1,5) (18.5%, 73.6%)
10/10 05:36:56 PM | Valid: [ 1/100] Step 200/390 Loss 2.129 Prec@(1,5) (18.6%, 73.4%)
10/10 05:37:01 PM | Valid: [ 1/100] Step 250/390 Loss 2.132 Prec@(1,5) (18.4%, 73.3%)
10/10 05:37:06 PM | Valid: [ 1/100] Step 300/390 Loss 2.133 Prec@(1,5) (18.4%, 73.1%)
10/10 05:37:10 PM | Valid: [ 1/100] Step 350/390 Loss 2.135 Prec@(1,5) (18.2%, 73.0%)
10/10 05:37:14 PM | Valid: [ 1/100] Step 390/390 Loss 2.136 Prec@(1,5) (18.2%, 72.9%)
10/10 05:37:14 PM | Valid: [ 1/100] Final Prec@1 18.1520%
10/10 05:37:14 PM | genotype = Genotype(normal=[[('dil_conv_3x3', 0), ('sep_conv_5x5', 1)], [('dil_conv_5x5', 2), ('sep_conv_3x3', 1)], [('sep_conv_5x5', 3), ('dil_conv_3x3', 0)], [('sep_conv_5x5', 3), ('sep_conv_3x3', 1)]], normal_concat=range(2, 6), reduce=[[('dil_conv_3x3', 0), ('sep_conv_3x3', 1)], [('sep_conv_5x5', 2), ('skip_connect', 0)], [('sep_conv_3x3', 3), ('sep_conv_5x5', 0)], [('sep_conv_3x3', 3), ('max_pool_3x3', 1)]], reduce_concat=range(2, 6))
####### ALPHA #######
# Alpha - normal
tensor([[0.1232, 0.1236, 0.1245, 0.1259, 0.1251, 0.1265, 0.1260, 0.1252],
        [0.1238, 0.1227, 0.1238, 0.1254, 0.1262, 0.1256, 0.1261, 0.1264]],
       device='cuda:1', grad_fn=<SoftmaxBackward>)
tensor([[0.1246, 0.1229, 0.1258, 0.1266, 0.1248, 0.1251, 0.1257, 0.1245],
        [0.1237, 0.1222, 0.1237, 0.1266, 0.1255, 0.1253, 0.1260, 0.1270],
        [0.1216, 0.1214, 0.1242, 0.1254, 0.1254, 0.1261, 0.1270, 0.1288]],
       device='cuda:1', grad_fn=<SoftmaxBackward>)
tensor([[0.1244, 0.1232, 0.1249, 0.1245, 0.1247, 0.1269, 0.1247, 0.1266],
        [0.1235, 0.1217, 0.1251, 0.1259, 0.1258, 0.1266, 0.1260, 0.1253],
        [0.1229, 0.1221, 0.1227, 0.1268, 0.1252, 0.1259, 0.1264, 0.1280],
        [0.1226, 0.1211, 0.1221, 0.1257, 0.1273, 0.1266, 0.1266, 0.1280]],
       device='cuda:1', grad_fn=<SoftmaxBackward>)
tensor([[0.1243, 0.1232, 0.1258, 0.1256, 0.1259, 0.1248, 0.1250, 0.1253],
        [0.1235, 0.1224, 0.1243, 0.1275, 0.1255, 0.1255, 0.1247, 0.1267],
        [0.1219, 0.1215, 0.1239, 0.1263, 0.1251, 0.1274, 0.1262, 0.1276],
        [0.1217, 0.1217, 0.1220, 0.1260, 0.1280, 0.1267, 0.1265, 0.1274],
        [0.1212, 0.1238, 0.1221, 0.1264, 0.1267, 0.1264, 0.1265, 0.1270]],
       device='cuda:1', grad_fn=<SoftmaxBackward>)

# Alpha - reduce
tensor([[0.1249, 0.1241, 0.1252, 0.1253, 0.1241, 0.1264, 0.1246, 0.1254],
        [0.1243, 0.1248, 0.1254, 0.1257, 0.1253, 0.1246, 0.1255, 0.1244]],
       device='cuda:1', grad_fn=<SoftmaxBackward>)
tensor([[0.1257, 0.1254, 0.1261, 0.1249, 0.1254, 0.1242, 0.1246, 0.1237],
        [0.1257, 0.1253, 0.1255, 0.1254, 0.1248, 0.1244, 0.1247, 0.1242],
        [0.1239, 0.1239, 0.1251, 0.1249, 0.1263, 0.1248, 0.1255, 0.1257]],
       device='cuda:1', grad_fn=<SoftmaxBackward>)
tensor([[0.1259, 0.1236, 0.1253, 0.1253, 0.1260, 0.1246, 0.1257, 0.1237],
        [0.1259, 0.1243, 0.1258, 0.1248, 0.1255, 0.1248, 0.1248, 0.1242],
        [0.1240, 0.1246, 0.1255, 0.1259, 0.1254, 0.1245, 0.1258, 0.1241],
        [0.1233, 0.1229, 0.1254, 0.1265, 0.1249, 0.1263, 0.1259, 0.1249]],
       device='cuda:1', grad_fn=<SoftmaxBackward>)
tensor([[0.1263, 0.1248, 0.1247, 0.1252, 0.1244, 0.1265, 0.1245, 0.1235],
        [0.1266, 0.1258, 0.1254, 0.1257, 0.1240, 0.1242, 0.1241, 0.1242],
        [0.1235, 0.1244, 0.1260, 0.1256, 0.1251, 0.1252, 0.1250, 0.1252],
        [0.1237, 0.1236, 0.1246, 0.1267, 0.1254, 0.1247, 0.1243, 0.1268],
        [0.1238, 0.1236, 0.1258, 0.1250, 0.1254, 0.1265, 0.1250, 0.1249]],
       device='cuda:1', grad_fn=<SoftmaxBackward>)
#####################

10/10 05:37:16 PM | Train: [ 2/100] Step 000/390 Loss 2.016 Prec@(1,5) (23.4%, 79.7%)
10/10 05:37:57 PM | Train: [ 2/100] Step 050/390 Loss 2.060 Prec@(1,5) (23.4%, 79.2%)
10/10 05:38:38 PM | Train: [ 2/100] Step 100/390 Loss 2.013 Prec@(1,5) (24.7%, 80.8%)
10/10 05:39:20 PM | Train: [ 2/100] Step 150/390 Loss 1.992 Prec@(1,5) (25.3%, 81.9%)
10/10 05:40:01 PM | Train: [ 2/100] Step 200/390 Loss 1.970 Prec@(1,5) (26.2%, 82.7%)
10/10 05:40:42 PM | Train: [ 2/100] Step 250/390 Loss 1.967 Prec@(1,5) (26.1%, 82.6%)
10/10 05:41:23 PM | Train: [ 2/100] Step 300/390 Loss 1.949 Prec@(1,5) (26.7%, 82.9%)
10/10 05:42:04 PM | Train: [ 2/100] Step 350/390 Loss 1.942 Prec@(1,5) (27.1%, 83.1%)
10/10 05:42:37 PM | Train: [ 2/100] Step 390/390 Loss 1.933 Prec@(1,5) (27.4%, 83.3%)
10/10 05:42:37 PM | Train: [ 2/100] Final Prec@1 27.4280%
10/10 05:42:37 PM | Valid: [ 2/100] Step 000/390 Loss 2.207 Prec@(1,5) (14.1%, 60.9%)
10/10 05:42:43 PM | Valid: [ 2/100] Step 050/390 Loss 2.148 Prec@(1,5) (19.4%, 69.6%)
10/10 05:42:49 PM | Valid: [ 2/100] Step 100/390 Loss 2.140 Prec@(1,5) (19.3%, 69.9%)
10/10 05:42:55 PM | Valid: [ 2/100] Step 150/390 Loss 2.127 Prec@(1,5) (19.8%, 70.6%)
10/10 05:43:00 PM | Valid: [ 2/100] Step 200/390 Loss 2.126 Prec@(1,5) (20.0%, 70.7%)
10/10 05:43:06 PM | Valid: [ 2/100] Step 250/390 Loss 2.126 Prec@(1,5) (20.0%, 70.6%)
10/10 05:43:12 PM | Valid: [ 2/100] Step 300/390 Loss 2.128 Prec@(1,5) (20.0%, 70.6%)
10/10 05:43:17 PM | Valid: [ 2/100] Step 350/390 Loss 2.128 Prec@(1,5) (20.0%, 70.5%)
10/10 05:43:22 PM | Valid: [ 2/100] Step 390/390 Loss 2.129 Prec@(1,5) (19.9%, 70.4%)
10/10 05:43:22 PM | Valid: [ 2/100] Final Prec@1 19.8840%
10/10 05:43:22 PM | genotype = Genotype(normal=[[('dil_conv_3x3', 0), ('sep_conv_5x5', 1)], [('dil_conv_5x5', 2), ('sep_conv_3x3', 0)], [('dil_conv_5x5', 3), ('dil_conv_3x3', 0)], [('sep_conv_5x5', 3), ('sep_conv_5x5', 4)]], normal_concat=range(2, 6), reduce=[[('dil_conv_3x3', 0), ('dil_conv_5x5', 1)], [('max_pool_3x3', 0), ('sep_conv_5x5', 2)], [('max_pool_3x3', 0), ('dil_conv_5x5', 2)], [('max_pool_3x3', 0), ('max_pool_3x3', 1)]], reduce_concat=range(2, 6))
####### ALPHA #######
# Alpha - normal
tensor([[0.1220, 0.1227, 0.1250, 0.1256, 0.1254, 0.1274, 0.1263, 0.1256],
        [0.1227, 0.1224, 0.1240, 0.1254, 0.1269, 0.1255, 0.1260, 0.1272]],
       device='cuda:1', grad_fn=<SoftmaxBackward>)
tensor([[0.1248, 0.1226, 0.1259, 0.1270, 0.1248, 0.1245, 0.1261, 0.1243],
        [0.1232, 0.1218, 0.1246, 0.1269, 0.1255, 0.1257, 0.1258, 0.1265],
        [0.1191, 0.1201, 0.1236, 0.1262, 0.1259, 0.1265, 0.1276, 0.1311]],
       device='cuda:1', grad_fn=<SoftmaxBackward>)
tensor([[0.1245, 0.1229, 0.1263, 0.1240, 0.1243, 0.1275, 0.1247, 0.1259],
        [0.1236, 0.1216, 0.1260, 0.1259, 0.1253, 0.1259, 0.1262, 0.1256],
        [0.1223, 0.1206, 0.1227, 0.1271, 0.1257, 0.1262, 0.1265, 0.1289],
        [0.1212, 0.1196, 0.1212, 0.1267, 0.1274, 0.1267, 0.1277, 0.1295]],
       device='cuda:1', grad_fn=<SoftmaxBackward>)
tensor([[0.1247, 0.1230, 0.1257, 0.1254, 0.1264, 0.1253, 0.1244, 0.1253],
        [0.1236, 0.1219, 0.1244, 0.1279, 0.1249, 0.1247, 0.1255, 0.1271],
        [0.1211, 0.1196, 0.1233, 0.1265, 0.1259, 0.1267, 0.1275, 0.1295],
        [0.1200, 0.1199, 0.1210, 0.1266, 0.1286, 0.1270, 0.1274, 0.1294],
        [0.1201, 0.1217, 0.1203, 0.1274, 0.1282, 0.1260, 0.1278, 0.1286]],
       device='cuda:1', grad_fn=<SoftmaxBackward>)

# Alpha - reduce
tensor([[0.1257, 0.1241, 0.1249, 0.1256, 0.1236, 0.1266, 0.1249, 0.1247],
        [0.1241, 0.1251, 0.1256, 0.1251, 0.1246, 0.1249, 0.1261, 0.1244]],
       device='cuda:1', grad_fn=<SoftmaxBackward>)
tensor([[0.1274, 0.1259, 0.1264, 0.1258, 0.1250, 0.1225, 0.1245, 0.1226],
        [0.1258, 0.1255, 0.1250, 0.1262, 0.1235, 0.1240, 0.1252, 0.1247],
        [0.1236, 0.1233, 0.1254, 0.1250, 0.1262, 0.1247, 0.1260, 0.1259]],
       device='cuda:1', grad_fn=<SoftmaxBackward>)
tensor([[0.1275, 0.1242, 0.1253, 0.1251, 0.1260, 0.1236, 0.1257, 0.1226],
        [0.1265, 0.1239, 0.1261, 0.1249, 0.1257, 0.1240, 0.1247, 0.1241],
        [0.1231, 0.1232, 0.1260, 0.1261, 0.1259, 0.1239, 0.1271, 0.1247],
        [0.1230, 0.1224, 0.1263, 0.1263, 0.1251, 0.1268, 0.1256, 0.1244]],
       device='cuda:1', grad_fn=<SoftmaxBackward>)
tensor([[0.1274, 0.1261, 0.1248, 0.1250, 0.1240, 0.1261, 0.1239, 0.1228],
        [0.1266, 0.1265, 0.1250, 0.1254, 0.1244, 0.1239, 0.1237, 0.1245],
        [0.1223, 0.1238, 0.1266, 0.1256, 0.1255, 0.1254, 0.1253, 0.1254],
        [0.1232, 0.1231, 0.1250, 0.1265, 0.1258, 0.1249, 0.1251, 0.1265],
        [0.1228, 0.1236, 0.1257, 0.1251, 0.1258, 0.1257, 0.1258, 0.1254]],
       device='cuda:1', grad_fn=<SoftmaxBackward>)
#####################

10/10 05:43:24 PM | Train: [ 3/100] Step 000/390 Loss 1.669 Prec@(1,5) (28.1%, 93.8%)
10/10 05:44:05 PM | Train: [ 3/100] Step 050/390 Loss 1.859 Prec@(1,5) (29.2%, 85.0%)
10/10 05:44:46 PM | Train: [ 3/100] Step 100/390 Loss 1.851 Prec@(1,5) (29.9%, 85.1%)
10/10 05:45:26 PM | Train: [ 3/100] Step 150/390 Loss 1.837 Prec@(1,5) (30.6%, 85.2%)
10/10 05:46:07 PM | Train: [ 3/100] Step 200/390 Loss 1.824 Prec@(1,5) (31.0%, 85.6%)
10/10 05:46:48 PM | Train: [ 3/100] Step 250/390 Loss 1.817 Prec@(1,5) (31.1%, 85.9%)
10/10 05:47:30 PM | Train: [ 3/100] Step 300/390 Loss 1.812 Prec@(1,5) (31.3%, 86.0%)
10/10 05:48:11 PM | Train: [ 3/100] Step 350/390 Loss 1.801 Prec@(1,5) (31.7%, 86.3%)
10/10 05:48:44 PM | Train: [ 3/100] Step 390/390 Loss 1.795 Prec@(1,5) (31.9%, 86.4%)
10/10 05:48:44 PM | Train: [ 3/100] Final Prec@1 31.9280%
10/10 05:48:44 PM | Valid: [ 3/100] Step 000/390 Loss 2.039 Prec@(1,5) (39.1%, 85.9%)
10/10 05:48:49 PM | Valid: [ 3/100] Step 050/390 Loss 2.090 Prec@(1,5) (31.4%, 83.2%)
10/10 05:48:55 PM | Valid: [ 3/100] Step 100/390 Loss 2.082 Prec@(1,5) (31.7%, 83.1%)
10/10 05:49:00 PM | Valid: [ 3/100] Step 150/390 Loss 2.086 Prec@(1,5) (31.4%, 83.1%)
10/10 05:49:05 PM | Valid: [ 3/100] Step 200/390 Loss 2.089 Prec@(1,5) (31.6%, 83.0%)
10/10 05:49:10 PM | Valid: [ 3/100] Step 250/390 Loss 2.080 Prec@(1,5) (31.7%, 83.1%)
10/10 05:49:15 PM | Valid: [ 3/100] Step 300/390 Loss 2.077 Prec@(1,5) (31.5%, 83.4%)
10/10 05:49:20 PM | Valid: [ 3/100] Step 350/390 Loss 2.076 Prec@(1,5) (31.5%, 83.5%)
10/10 05:49:24 PM | Valid: [ 3/100] Step 390/390 Loss 2.079 Prec@(1,5) (31.6%, 83.4%)
10/10 05:49:24 PM | Valid: [ 3/100] Final Prec@1 31.6320%
10/10 05:49:24 PM | genotype = Genotype(normal=[[('dil_conv_3x3', 0), ('sep_conv_5x5', 1)], [('dil_conv_5x5', 2), ('sep_conv_3x3', 0)], [('dil_conv_5x5', 3), ('dil_conv_3x3', 2)], [('sep_conv_5x5', 4), ('sep_conv_5x5', 3)]], normal_concat=range(2, 6), reduce=[[('dil_conv_3x3', 0), ('skip_connect', 1)], [('max_pool_3x3', 0), ('dil_conv_5x5', 2)], [('max_pool_3x3', 0), ('skip_connect', 2)], [('max_pool_3x3', 0), ('avg_pool_3x3', 1)]], reduce_concat=range(2, 6))
####### ALPHA #######
# Alpha - normal
tensor([[0.1213, 0.1218, 0.1258, 0.1261, 0.1249, 0.1285, 0.1264, 0.1251],
        [0.1223, 0.1217, 0.1248, 0.1251, 0.1269, 0.1255, 0.1261, 0.1274]],
       device='cuda:1', grad_fn=<SoftmaxBackward>)
tensor([[0.1250, 0.1225, 0.1261, 0.1271, 0.1249, 0.1241, 0.1267, 0.1235],
        [0.1235, 0.1217, 0.1259, 0.1257, 0.1255, 0.1251, 0.1260, 0.1264],
        [0.1170, 0.1181, 0.1232, 0.1265, 0.1271, 0.1261, 0.1289, 0.1330]],
       device='cuda:1', grad_fn=<SoftmaxBackward>)
tensor([[0.1248, 0.1230, 0.1278, 0.1239, 0.1239, 0.1268, 0.1251, 0.1247],
        [0.1240, 0.1215, 0.1271, 0.1258, 0.1257, 0.1256, 0.1258, 0.1244],
        [0.1207, 0.1187, 0.1233, 0.1272, 0.1258, 0.1284, 0.1264, 0.1296],
        [0.1190, 0.1176, 0.1196, 0.1260, 0.1287, 0.1279, 0.1289, 0.1322]],
       device='cuda:1', grad_fn=<SoftmaxBackward>)
tensor([[0.1247, 0.1230, 0.1259, 0.1252, 0.1265, 0.1244, 0.1251, 0.1252],
        [0.1236, 0.1218, 0.1249, 0.1275, 0.1257, 0.1245, 0.1251, 0.1269],
        [0.1202, 0.1178, 0.1234, 0.1260, 0.1263, 0.1279, 0.1274, 0.1310],
        [0.1192, 0.1180, 0.1200, 0.1269, 0.1293, 0.1272, 0.1273, 0.1321],
        [0.1193, 0.1203, 0.1185, 0.1275, 0.1293, 0.1265, 0.1284, 0.1302]],
       device='cuda:1', grad_fn=<SoftmaxBackward>)

# Alpha - reduce
tensor([[0.1263, 0.1240, 0.1248, 0.1253, 0.1233, 0.1266, 0.1257, 0.1238],
        [0.1247, 0.1254, 0.1257, 0.1245, 0.1243, 0.1244, 0.1256, 0.1254]],
       device='cuda:1', grad_fn=<SoftmaxBackward>)
tensor([[0.1277, 0.1264, 0.1253, 0.1265, 0.1253, 0.1223, 0.1245, 0.1219],
        [0.1260, 0.1250, 0.1251, 0.1259, 0.1241, 0.1241, 0.1255, 0.1241],
        [0.1225, 0.1227, 0.1259, 0.1255, 0.1258, 0.1248, 0.1261, 0.1267]],
       device='cuda:1', grad_fn=<SoftmaxBackward>)
tensor([[0.1286, 0.1244, 0.1252, 0.1252, 0.1265, 0.1237, 0.1250, 0.1214],
        [0.1268, 0.1244, 0.1251, 0.1255, 0.1256, 0.1235, 0.1256, 0.1237],
        [0.1233, 0.1221, 0.1272, 0.1252, 0.1256, 0.1247, 0.1269, 0.1249],
        [0.1233, 0.1216, 0.1256, 0.1268, 0.1246, 0.1262, 0.1258, 0.1261]],
       device='cuda:1', grad_fn=<SoftmaxBackward>)
tensor([[0.1280, 0.1262, 0.1247, 0.1251, 0.1243, 0.1254, 0.1237, 0.1227],
        [0.1273, 0.1273, 0.1244, 0.1253, 0.1251, 0.1238, 0.1239, 0.1227],
        [0.1212, 0.1243, 0.1267, 0.1252, 0.1242, 0.1262, 0.1260, 0.1262],
        [0.1227, 0.1224, 0.1247, 0.1263, 0.1272, 0.1245, 0.1246, 0.1276],
        [0.1218, 0.1231, 0.1261, 0.1247, 0.1273, 0.1254, 0.1261, 0.1255]],
       device='cuda:1', grad_fn=<SoftmaxBackward>)
#####################

10/10 05:49:26 PM | Train: [ 4/100] Step 000/390 Loss 1.669 Prec@(1,5) (42.2%, 81.2%)
10/10 05:50:05 PM | Train: [ 4/100] Step 050/390 Loss 1.744 Prec@(1,5) (35.3%, 88.0%)
10/10 05:50:45 PM | Train: [ 4/100] Step 100/390 Loss 1.732 Prec@(1,5) (35.1%, 87.6%)
10/10 05:51:24 PM | Train: [ 4/100] Step 150/390 Loss 1.731 Prec@(1,5) (35.3%, 87.6%)
10/10 05:52:04 PM | Train: [ 4/100] Step 200/390 Loss 1.724 Prec@(1,5) (35.5%, 87.9%)
10/10 05:52:43 PM | Train: [ 4/100] Step 250/390 Loss 1.721 Prec@(1,5) (35.4%, 88.1%)
10/10 05:53:23 PM | Train: [ 4/100] Step 300/390 Loss 1.718 Prec@(1,5) (35.4%, 88.2%)
10/10 05:54:04 PM | Train: [ 4/100] Step 350/390 Loss 1.711 Prec@(1,5) (35.5%, 88.3%)
10/10 05:54:37 PM | Train: [ 4/100] Step 390/390 Loss 1.707 Prec@(1,5) (35.7%, 88.3%)
10/10 05:54:37 PM | Train: [ 4/100] Final Prec@1 35.7280%
10/10 05:54:38 PM | Valid: [ 4/100] Step 000/390 Loss 2.127 Prec@(1,5) (29.7%, 71.9%)
10/10 05:54:43 PM | Valid: [ 4/100] Step 050/390 Loss 1.960 Prec@(1,5) (27.5%, 76.9%)
10/10 05:54:49 PM | Valid: [ 4/100] Step 100/390 Loss 1.956 Prec@(1,5) (27.9%, 76.8%)
10/10 05:54:54 PM | Valid: [ 4/100] Step 150/390 Loss 1.953 Prec@(1,5) (27.7%, 77.2%)
10/10 05:55:00 PM | Valid: [ 4/100] Step 200/390 Loss 1.947 Prec@(1,5) (28.2%, 77.7%)
10/10 05:55:05 PM | Valid: [ 4/100] Step 250/390 Loss 1.943 Prec@(1,5) (28.3%, 77.8%)
10/10 05:55:11 PM | Valid: [ 4/100] Step 300/390 Loss 1.945 Prec@(1,5) (28.4%, 77.8%)
10/10 05:55:16 PM | Valid: [ 4/100] Step 350/390 Loss 1.945 Prec@(1,5) (28.4%, 77.9%)
10/10 05:55:21 PM | Valid: [ 4/100] Step 390/390 Loss 1.948 Prec@(1,5) (28.2%, 77.9%)
10/10 05:55:21 PM | Valid: [ 4/100] Final Prec@1 28.1720%
10/10 05:55:21 PM | genotype = Genotype(normal=[[('dil_conv_3x3', 0), ('sep_conv_5x5', 1)], [('sep_conv_5x5', 2), ('sep_conv_3x3', 0)], [('sep_conv_5x5', 3), ('skip_connect', 0)], [('sep_conv_5x5', 4), ('sep_conv_5x5', 3)]], normal_concat=range(2, 6), reduce=[[('max_pool_3x3', 0), ('max_pool_3x3', 1)], [('max_pool_3x3', 0), ('dil_conv_5x5', 2)], [('max_pool_3x3', 0), ('skip_connect', 2)], [('max_pool_3x3', 0), ('max_pool_3x3', 1)]], reduce_concat=range(2, 6))
####### ALPHA #######
# Alpha - normal
tensor([[0.1203, 0.1212, 0.1260, 0.1264, 0.1256, 0.1294, 0.1262, 0.1248],
        [0.1217, 0.1206, 0.1263, 0.1250, 0.1280, 0.1249, 0.1261, 0.1275]],
       device='cuda:1', grad_fn=<SoftmaxBackward>)
tensor([[0.1258, 0.1227, 0.1274, 0.1275, 0.1249, 0.1234, 0.1264, 0.1219],
        [0.1246, 0.1214, 0.1266, 0.1253, 0.1254, 0.1236, 0.1264, 0.1266],
        [0.1154, 0.1174, 0.1234, 0.1262, 0.1282, 0.1266, 0.1280, 0.1348]],
       device='cuda:1', grad_fn=<SoftmaxBackward>)
tensor([[0.1247, 0.1234, 0.1290, 0.1231, 0.1239, 0.1268, 0.1250, 0.1242],
        [0.1249, 0.1211, 0.1274, 0.1259, 0.1263, 0.1252, 0.1249, 0.1243],
        [0.1205, 0.1168, 0.1237, 0.1266, 0.1260, 0.1279, 0.1264, 0.1322],
        [0.1181, 0.1156, 0.1193, 0.1261, 0.1304, 0.1278, 0.1289, 0.1338]],
       device='cuda:1', grad_fn=<SoftmaxBackward>)
tensor([[0.1257, 0.1228, 0.1274, 0.1248, 0.1265, 0.1231, 0.1252, 0.1245],
        [0.1235, 0.1211, 0.1252, 0.1270, 0.1266, 0.1240, 0.1249, 0.1277],
        [0.1192, 0.1164, 0.1247, 0.1269, 0.1263, 0.1276, 0.1272, 0.1317],
        [0.1187, 0.1169, 0.1199, 0.1270, 0.1293, 0.1268, 0.1278, 0.1335],
        [0.1189, 0.1196, 0.1171, 0.1281, 0.1297, 0.1258, 0.1288, 0.1319]],
       device='cuda:1', grad_fn=<SoftmaxBackward>)

# Alpha - reduce
tensor([[0.1269, 0.1243, 0.1243, 0.1263, 0.1233, 0.1262, 0.1263, 0.1225],
        [0.1263, 0.1255, 0.1252, 0.1245, 0.1239, 0.1242, 0.1246, 0.1258]],
       device='cuda:1', grad_fn=<SoftmaxBackward>)
tensor([[0.1298, 0.1268, 0.1253, 0.1269, 0.1246, 0.1221, 0.1240, 0.1206],
        [0.1270, 0.1253, 0.1241, 0.1259, 0.1245, 0.1234, 0.1258, 0.1238],
        [0.1216, 0.1218, 0.1255, 0.1252, 0.1261, 0.1248, 0.1272, 0.1276]],
       device='cuda:1', grad_fn=<SoftmaxBackward>)
tensor([[0.1299, 0.1247, 0.1244, 0.1256, 0.1265, 0.1238, 0.1235, 0.1218],
        [0.1275, 0.1237, 0.1250, 0.1249, 0.1252, 0.1236, 0.1265, 0.1235],
        [0.1223, 0.1222, 0.1278, 0.1249, 0.1255, 0.1249, 0.1262, 0.1263],
        [0.1231, 0.1215, 0.1247, 0.1272, 0.1251, 0.1264, 0.1253, 0.1268]],
       device='cuda:1', grad_fn=<SoftmaxBackward>)
tensor([[0.1291, 0.1277, 0.1239, 0.1258, 0.1244, 0.1247, 0.1228, 0.1217],
        [0.1282, 0.1275, 0.1238, 0.1258, 0.1247, 0.1232, 0.1243, 0.1227],
        [0.1220, 0.1236, 0.1272, 0.1253, 0.1240, 0.1255, 0.1263, 0.1260],
        [0.1229, 0.1223, 0.1229, 0.1253, 0.1274, 0.1247, 0.1257, 0.1288],
        [0.1215, 0.1239, 0.1265, 0.1246, 0.1278, 0.1238, 0.1260, 0.1260]],
       device='cuda:1', grad_fn=<SoftmaxBackward>)
#####################

10/10 05:55:22 PM | Train: [ 5/100] Step 000/390 Loss 1.558 Prec@(1,5) (43.8%, 93.8%)
10/10 05:56:02 PM | Train: [ 5/100] Step 050/390 Loss 1.669 Prec@(1,5) (37.1%, 88.8%)
10/10 05:56:43 PM | Train: [ 5/100] Step 100/390 Loss 1.679 Prec@(1,5) (37.0%, 88.7%)
10/10 05:57:23 PM | Train: [ 5/100] Step 150/390 Loss 1.660 Prec@(1,5) (37.9%, 89.3%)
10/10 05:58:04 PM | Train: [ 5/100] Step 200/390 Loss 1.650 Prec@(1,5) (38.1%, 89.5%)
10/10 05:58:45 PM | Train: [ 5/100] Step 250/390 Loss 1.646 Prec@(1,5) (38.3%, 89.6%)
10/10 05:59:26 PM | Train: [ 5/100] Step 300/390 Loss 1.644 Prec@(1,5) (38.5%, 89.6%)
10/10 06:00:07 PM | Train: [ 5/100] Step 350/390 Loss 1.644 Prec@(1,5) (38.6%, 89.6%)
10/10 06:00:39 PM | Train: [ 5/100] Step 390/390 Loss 1.642 Prec@(1,5) (38.7%, 89.6%)
10/10 06:00:39 PM | Train: [ 5/100] Final Prec@1 38.7480%
10/10 06:00:39 PM | Valid: [ 5/100] Step 000/390 Loss 1.783 Prec@(1,5) (31.2%, 85.9%)
10/10 06:00:44 PM | Valid: [ 5/100] Step 050/390 Loss 1.695 Prec@(1,5) (33.9%, 90.2%)
10/10 06:00:49 PM | Valid: [ 5/100] Step 100/390 Loss 1.708 Prec@(1,5) (34.1%, 89.6%)
10/10 06:00:54 PM | Valid: [ 5/100] Step 150/390 Loss 1.712 Prec@(1,5) (34.0%, 89.5%)
10/10 06:00:59 PM | Valid: [ 5/100] Step 200/390 Loss 1.721 Prec@(1,5) (33.8%, 89.3%)
10/10 06:01:04 PM | Valid: [ 5/100] Step 250/390 Loss 1.723 Prec@(1,5) (33.9%, 89.2%)
10/10 06:01:08 PM | Valid: [ 5/100] Step 300/390 Loss 1.723 Prec@(1,5) (33.7%, 89.2%)
10/10 06:01:13 PM | Valid: [ 5/100] Step 350/390 Loss 1.725 Prec@(1,5) (33.6%, 89.2%)
10/10 06:01:17 PM | Valid: [ 5/100] Step 390/390 Loss 1.722 Prec@(1,5) (33.8%, 89.3%)
10/10 06:01:17 PM | Valid: [ 5/100] Final Prec@1 33.7560%
10/10 06:01:17 PM | genotype = Genotype(normal=[[('dil_conv_3x3', 0), ('sep_conv_5x5', 1)], [('sep_conv_5x5', 2), ('skip_connect', 0)], [('sep_conv_5x5', 3), ('skip_connect', 0)], [('sep_conv_5x5', 4), ('sep_conv_5x5', 3)]], normal_concat=range(2, 6), reduce=[[('max_pool_3x3', 0), ('max_pool_3x3', 1)], [('max_pool_3x3', 0), ('max_pool_3x3', 1)], [('max_pool_3x3', 0), ('skip_connect', 2)], [('max_pool_3x3', 0), ('sep_conv_5x5', 4)]], reduce_concat=range(2, 6))
####### ALPHA #######
# Alpha - normal
tensor([[0.1199, 0.1202, 0.1273, 0.1253, 0.1273, 0.1300, 0.1265, 0.1235],
        [0.1220, 0.1206, 0.1275, 0.1241, 0.1286, 0.1237, 0.1256, 0.1279]],
       device='cuda:1', grad_fn=<SoftmaxBackward>)
tensor([[0.1263, 0.1225, 0.1290, 0.1289, 0.1237, 0.1232, 0.1265, 0.1200],
        [0.1262, 0.1214, 0.1274, 0.1243, 0.1258, 0.1233, 0.1251, 0.1264],
        [0.1145, 0.1159, 0.1238, 0.1254, 0.1287, 0.1260, 0.1279, 0.1378]],
       device='cuda:1', grad_fn=<SoftmaxBackward>)
tensor([[0.1264, 0.1226, 0.1299, 0.1235, 0.1247, 0.1273, 0.1232, 0.1224],
        [0.1249, 0.1205, 0.1281, 0.1257, 0.1265, 0.1248, 0.1251, 0.1245],
        [0.1205, 0.1151, 0.1246, 0.1257, 0.1265, 0.1280, 0.1266, 0.1330],
        [0.1167, 0.1144, 0.1189, 0.1260, 0.1317, 0.1277, 0.1301, 0.1344]],
       device='cuda:1', grad_fn=<SoftmaxBackward>)
tensor([[0.1262, 0.1234, 0.1291, 0.1255, 0.1255, 0.1231, 0.1242, 0.1230],
        [0.1239, 0.1207, 0.1259, 0.1271, 0.1273, 0.1234, 0.1239, 0.1280],
        [0.1188, 0.1148, 0.1245, 0.1264, 0.1274, 0.1271, 0.1274, 0.1335],
        [0.1183, 0.1165, 0.1187, 0.1273, 0.1297, 0.1259, 0.1276, 0.1360],
        [0.1183, 0.1181, 0.1150, 0.1288, 0.1310, 0.1257, 0.1292, 0.1340]],
       device='cuda:1', grad_fn=<SoftmaxBackward>)

# Alpha - reduce
tensor([[0.1280, 0.1240, 0.1241, 0.1257, 0.1240, 0.1267, 0.1254, 0.1221],
        [0.1264, 0.1259, 0.1253, 0.1241, 0.1237, 0.1237, 0.1247, 0.1262]],
       device='cuda:1', grad_fn=<SoftmaxBackward>)
tensor([[0.1309, 0.1272, 0.1253, 0.1276, 0.1249, 0.1220, 0.1230, 0.1192],
        [0.1279, 0.1253, 0.1239, 0.1249, 0.1240, 0.1233, 0.1260, 0.1247],
        [0.1212, 0.1211, 0.1260, 0.1255, 0.1262, 0.1238, 0.1277, 0.1284]],
       device='cuda:1', grad_fn=<SoftmaxBackward>)
tensor([[0.1312, 0.1256, 0.1253, 0.1248, 0.1267, 0.1226, 0.1226, 0.1212],
        [0.1280, 0.1239, 0.1242, 0.1248, 0.1258, 0.1240, 0.1262, 0.1230],
        [0.1230, 0.1213, 0.1286, 0.1247, 0.1255, 0.1248, 0.1257, 0.1264],
        [0.1236, 0.1212, 0.1237, 0.1280, 0.1253, 0.1258, 0.1248, 0.1276]],
       device='cuda:1', grad_fn=<SoftmaxBackward>)
tensor([[0.1308, 0.1289, 0.1244, 0.1262, 0.1242, 0.1244, 0.1219, 0.1191],
        [0.1289, 0.1285, 0.1236, 0.1256, 0.1245, 0.1234, 0.1242, 0.1213],
        [0.1217, 0.1224, 0.1283, 0.1261, 0.1238, 0.1239, 0.1266, 0.1272],
        [0.1222, 0.1222, 0.1235, 0.1253, 0.1276, 0.1241, 0.1249, 0.1302],
        [0.1219, 0.1232, 0.1259, 0.1240, 0.1297, 0.1227, 0.1256, 0.1270]],
       device='cuda:1', grad_fn=<SoftmaxBackward>)
#####################

10/10 06:01:19 PM | Train: [ 6/100] Step 000/390 Loss 1.472 Prec@(1,5) (37.5%, 96.9%)
10/10 06:02:00 PM | Train: [ 6/100] Step 050/390 Loss 1.581 Prec@(1,5) (40.2%, 90.8%)
10/10 06:02:41 PM | Train: [ 6/100] Step 100/390 Loss 1.569 Prec@(1,5) (40.9%, 91.2%)
10/10 06:03:23 PM | Train: [ 6/100] Step 150/390 Loss 1.575 Prec@(1,5) (41.0%, 90.8%)
10/10 06:04:04 PM | Train: [ 6/100] Step 200/390 Loss 1.580 Prec@(1,5) (40.8%, 90.6%)
10/10 06:04:45 PM | Train: [ 6/100] Step 250/390 Loss 1.577 Prec@(1,5) (40.9%, 90.7%)
10/10 06:05:24 PM | Train: [ 6/100] Step 300/390 Loss 1.572 Prec@(1,5) (41.1%, 90.7%)
10/10 06:05:57 PM | Train: [ 6/100] Step 350/390 Loss 1.569 Prec@(1,5) (41.5%, 90.7%)
10/10 06:06:24 PM | Train: [ 6/100] Step 390/390 Loss 1.569 Prec@(1,5) (41.6%, 90.7%)
10/10 06:06:24 PM | Train: [ 6/100] Final Prec@1 41.5560%
10/10 06:06:24 PM | Valid: [ 6/100] Step 000/390 Loss 1.708 Prec@(1,5) (35.9%, 85.9%)
10/10 06:06:29 PM | Valid: [ 6/100] Step 050/390 Loss 1.598 Prec@(1,5) (41.7%, 90.6%)
10/10 06:06:35 PM | Valid: [ 6/100] Step 100/390 Loss 1.584 Prec@(1,5) (42.2%, 90.6%)
10/10 06:06:40 PM | Valid: [ 6/100] Step 150/390 Loss 1.583 Prec@(1,5) (41.6%, 90.8%)
10/10 06:06:46 PM | Valid: [ 6/100] Step 200/390 Loss 1.583 Prec@(1,5) (41.4%, 90.8%)
10/10 06:06:51 PM | Valid: [ 6/100] Step 250/390 Loss 1.582 Prec@(1,5) (41.6%, 90.8%)
10/10 06:06:56 PM | Valid: [ 6/100] Step 300/390 Loss 1.585 Prec@(1,5) (41.5%, 90.7%)
10/10 06:07:02 PM | Valid: [ 6/100] Step 350/390 Loss 1.587 Prec@(1,5) (41.5%, 90.6%)
10/10 06:07:06 PM | Valid: [ 6/100] Step 390/390 Loss 1.586 Prec@(1,5) (41.5%, 90.5%)
10/10 06:07:06 PM | Valid: [ 6/100] Final Prec@1 41.5400%
10/10 06:07:06 PM | genotype = Genotype(normal=[[('dil_conv_3x3', 0), ('skip_connect', 1)], [('skip_connect', 0), ('sep_conv_5x5', 2)], [('skip_connect', 0), ('sep_conv_5x5', 3)], [('sep_conv_5x5', 4), ('sep_conv_5x5', 3)]], normal_concat=range(2, 6), reduce=[[('max_pool_3x3', 0), ('max_pool_3x3', 1)], [('max_pool_3x3', 0), ('max_pool_3x3', 1)], [('max_pool_3x3', 0), ('max_pool_3x3', 1)], [('max_pool_3x3', 0), ('sep_conv_5x5', 4)]], reduce_concat=range(2, 6))
####### ALPHA #######
# Alpha - normal
tensor([[0.1200, 0.1202, 0.1288, 0.1248, 0.1281, 0.1305, 0.1259, 0.1216],
        [0.1210, 0.1207, 0.1292, 0.1238, 0.1285, 0.1233, 0.1259, 0.1277]],
       device='cuda:1', grad_fn=<SoftmaxBackward>)
tensor([[0.1275, 0.1226, 0.1302, 0.1287, 0.1245, 0.1233, 0.1255, 0.1176],
        [0.1266, 0.1209, 0.1284, 0.1234, 0.1265, 0.1224, 0.1249, 0.1269],
        [0.1128, 0.1141, 0.1250, 0.1269, 0.1291, 0.1272, 0.1265, 0.1385]],
       device='cuda:1', grad_fn=<SoftmaxBackward>)
tensor([[0.1271, 0.1213, 0.1313, 0.1230, 0.1253, 0.1274, 0.1233, 0.1212],
        [0.1268, 0.1213, 0.1294, 0.1250, 0.1261, 0.1241, 0.1241, 0.1232],
        [0.1198, 0.1149, 0.1253, 0.1258, 0.1265, 0.1270, 0.1262, 0.1346],
        [0.1156, 0.1142, 0.1190, 0.1259, 0.1309, 0.1272, 0.1309, 0.1364]],
       device='cuda:1', grad_fn=<SoftmaxBackward>)
tensor([[0.1270, 0.1222, 0.1305, 0.1259, 0.1256, 0.1232, 0.1232, 0.1224],
        [0.1245, 0.1205, 0.1269, 0.1270, 0.1279, 0.1229, 0.1228, 0.1275],
        [0.1185, 0.1147, 0.1256, 0.1257, 0.1274, 0.1270, 0.1260, 0.1350],
        [0.1175, 0.1152, 0.1179, 0.1275, 0.1303, 0.1259, 0.1281, 0.1375],
        [0.1181, 0.1172, 0.1135, 0.1294, 0.1320, 0.1253, 0.1286, 0.1359]],
       device='cuda:1', grad_fn=<SoftmaxBackward>)

# Alpha - reduce
tensor([[0.1295, 0.1252, 0.1251, 0.1249, 0.1242, 0.1254, 0.1266, 0.1190],
        [0.1263, 0.1261, 0.1246, 0.1236, 0.1240, 0.1236, 0.1252, 0.1266]],
       device='cuda:1', grad_fn=<SoftmaxBackward>)
tensor([[0.1318, 0.1277, 0.1261, 0.1276, 0.1241, 0.1214, 0.1228, 0.1184],
        [0.1291, 0.1266, 0.1236, 0.1250, 0.1240, 0.1216, 0.1261, 0.1240],
        [0.1207, 0.1197, 0.1262, 0.1257, 0.1262, 0.1242, 0.1274, 0.1298]],
       device='cuda:1', grad_fn=<SoftmaxBackward>)
tensor([[0.1324, 0.1268, 0.1253, 0.1244, 0.1273, 0.1217, 0.1220, 0.1201],
        [0.1300, 0.1252, 0.1246, 0.1238, 0.1252, 0.1233, 0.1260, 0.1218],
        [0.1225, 0.1193, 0.1290, 0.1254, 0.1270, 0.1248, 0.1265, 0.1256],
        [0.1227, 0.1203, 0.1237, 0.1281, 0.1249, 0.1257, 0.1253, 0.1293]],
       device='cuda:1', grad_fn=<SoftmaxBackward>)
tensor([[0.1320, 0.1301, 0.1245, 0.1262, 0.1246, 0.1240, 0.1206, 0.1180],
        [0.1300, 0.1283, 0.1215, 0.1254, 0.1247, 0.1239, 0.1250, 0.1212],
        [0.1218, 0.1214, 0.1278, 0.1259, 0.1249, 0.1236, 0.1264, 0.1283],
        [0.1212, 0.1217, 0.1236, 0.1254, 0.1278, 0.1239, 0.1256, 0.1308],
        [0.1224, 0.1227, 0.1250, 0.1242, 0.1308, 0.1222, 0.1256, 0.1270]],
       device='cuda:1', grad_fn=<SoftmaxBackward>)
#####################

10/10 06:07:08 PM | Train: [ 7/100] Step 000/390 Loss 1.545 Prec@(1,5) (37.5%, 92.2%)
10/10 06:07:49 PM | Train: [ 7/100] Step 050/390 Loss 1.486 Prec@(1,5) (45.2%, 91.9%)
10/10 06:08:30 PM | Train: [ 7/100] Step 100/390 Loss 1.485 Prec@(1,5) (44.9%, 92.0%)
10/10 06:09:11 PM | Train: [ 7/100] Step 150/390 Loss 1.494 Prec@(1,5) (44.8%, 91.9%)
10/10 06:09:53 PM | Train: [ 7/100] Step 200/390 Loss 1.495 Prec@(1,5) (45.0%, 91.8%)
10/10 06:10:34 PM | Train: [ 7/100] Step 250/390 Loss 1.490 Prec@(1,5) (45.1%, 91.9%)
10/10 06:11:15 PM | Train: [ 7/100] Step 300/390 Loss 1.490 Prec@(1,5) (44.9%, 91.9%)
10/10 06:11:57 PM | Train: [ 7/100] Step 350/390 Loss 1.490 Prec@(1,5) (45.1%, 91.8%)
10/10 06:12:29 PM | Train: [ 7/100] Step 390/390 Loss 1.489 Prec@(1,5) (45.0%, 91.9%)
10/10 06:12:29 PM | Train: [ 7/100] Final Prec@1 45.0480%
10/10 06:12:29 PM | Valid: [ 7/100] Step 000/390 Loss 1.997 Prec@(1,5) (28.1%, 82.8%)
10/10 06:12:35 PM | Valid: [ 7/100] Step 050/390 Loss 2.059 Prec@(1,5) (26.7%, 81.5%)
10/10 06:12:40 PM | Valid: [ 7/100] Step 100/390 Loss 2.063 Prec@(1,5) (26.5%, 81.3%)
10/10 06:12:45 PM | Valid: [ 7/100] Step 150/390 Loss 2.056 Prec@(1,5) (27.0%, 81.3%)
10/10 06:12:50 PM | Valid: [ 7/100] Step 200/390 Loss 2.053 Prec@(1,5) (27.2%, 81.5%)
10/10 06:12:55 PM | Valid: [ 7/100] Step 250/390 Loss 2.059 Prec@(1,5) (26.9%, 81.3%)
10/10 06:13:01 PM | Valid: [ 7/100] Step 300/390 Loss 2.062 Prec@(1,5) (26.7%, 81.1%)
10/10 06:13:06 PM | Valid: [ 7/100] Step 350/390 Loss 2.060 Prec@(1,5) (26.8%, 81.2%)
10/10 06:13:10 PM | Valid: [ 7/100] Step 390/390 Loss 2.060 Prec@(1,5) (26.8%, 81.2%)
10/10 06:13:10 PM | Valid: [ 7/100] Final Prec@1 26.7680%
10/10 06:13:10 PM | genotype = Genotype(normal=[[('dil_conv_3x3', 0), ('skip_connect', 1)], [('skip_connect', 0), ('sep_conv_5x5', 2)], [('sep_conv_5x5', 3), ('skip_connect', 0)], [('sep_conv_5x5', 4), ('skip_connect', 0)]], normal_concat=range(2, 6), reduce=[[('max_pool_3x3', 0), ('max_pool_3x3', 1)], [('max_pool_3x3', 0), ('max_pool_3x3', 1)], [('max_pool_3x3', 0), ('max_pool_3x3', 1)], [('max_pool_3x3', 0), ('max_pool_3x3', 1)]], reduce_concat=range(2, 6))
####### ALPHA #######
# Alpha - normal
tensor([[0.1209, 0.1188, 0.1307, 0.1257, 0.1281, 0.1310, 0.1258, 0.1190],
        [0.1211, 0.1214, 0.1302, 0.1239, 0.1280, 0.1225, 0.1262, 0.1267]],
       device='cuda:1', grad_fn=<SoftmaxBackward>)
tensor([[0.1292, 0.1223, 0.1320, 0.1283, 0.1253, 0.1232, 0.1251, 0.1146],
        [0.1277, 0.1195, 0.1293, 0.1225, 0.1276, 0.1218, 0.1255, 0.1261],
        [0.1101, 0.1123, 0.1272, 0.1264, 0.1293, 0.1278, 0.1257, 0.1412]],
       device='cuda:1', grad_fn=<SoftmaxBackward>)
tensor([[0.1294, 0.1219, 0.1322, 0.1234, 0.1245, 0.1274, 0.1214, 0.1198],
        [0.1272, 0.1220, 0.1307, 0.1241, 0.1259, 0.1231, 0.1236, 0.1235],
        [0.1200, 0.1145, 0.1253, 0.1256, 0.1266, 0.1265, 0.1258, 0.1357],
        [0.1135, 0.1132, 0.1185, 0.1268, 0.1318, 0.1266, 0.1303, 0.1393]],
       device='cuda:1', grad_fn=<SoftmaxBackward>)
tensor([[0.1283, 0.1222, 0.1317, 0.1266, 0.1257, 0.1227, 0.1219, 0.1209],
        [0.1268, 0.1206, 0.1280, 0.1245, 0.1285, 0.1228, 0.1219, 0.1269],
        [0.1189, 0.1139, 0.1251, 0.1262, 0.1289, 0.1264, 0.1241, 0.1364],
        [0.1177, 0.1141, 0.1181, 0.1281, 0.1302, 0.1241, 0.1275, 0.1402],
        [0.1172, 0.1159, 0.1133, 0.1287, 0.1315, 0.1263, 0.1289, 0.1382]],
       device='cuda:1', grad_fn=<SoftmaxBackward>)

# Alpha - reduce
tensor([[0.1308, 0.1258, 0.1259, 0.1242, 0.1237, 0.1243, 0.1274, 0.1179],
        [0.1272, 0.1264, 0.1244, 0.1231, 0.1232, 0.1232, 0.1253, 0.1272]],
       device='cuda:1', grad_fn=<SoftmaxBackward>)
tensor([[0.1328, 0.1282, 0.1261, 0.1280, 0.1246, 0.1204, 0.1218, 0.1181],
        [0.1295, 0.1267, 0.1240, 0.1248, 0.1243, 0.1205, 0.1270, 0.1232],
        [0.1203, 0.1189, 0.1258, 0.1251, 0.1275, 0.1250, 0.1272, 0.1303]],
       device='cuda:1', grad_fn=<SoftmaxBackward>)
tensor([[0.1329, 0.1273, 0.1247, 0.1247, 0.1276, 0.1212, 0.1214, 0.1202],
        [0.1317, 0.1255, 0.1235, 0.1229, 0.1253, 0.1234, 0.1266, 0.1211],
        [0.1216, 0.1190, 0.1296, 0.1251, 0.1278, 0.1240, 0.1267, 0.1262],
        [0.1227, 0.1202, 0.1245, 0.1274, 0.1252, 0.1249, 0.1250, 0.1300]],
       device='cuda:1', grad_fn=<SoftmaxBackward>)
tensor([[0.1340, 0.1309, 0.1242, 0.1255, 0.1245, 0.1236, 0.1197, 0.1178],
        [0.1312, 0.1272, 0.1208, 0.1252, 0.1254, 0.1230, 0.1254, 0.1218],
        [0.1226, 0.1209, 0.1277, 0.1255, 0.1258, 0.1234, 0.1257, 0.1284],
        [0.1208, 0.1216, 0.1243, 0.1245, 0.1290, 0.1233, 0.1255, 0.1310],
        [0.1218, 0.1226, 0.1248, 0.1241, 0.1300, 0.1218, 0.1270, 0.1279]],
       device='cuda:1', grad_fn=<SoftmaxBackward>)
#####################

10/10 06:13:12 PM | Train: [ 8/100] Step 000/390 Loss 1.575 Prec@(1,5) (37.5%, 92.2%)
10/10 06:13:53 PM | Train: [ 8/100] Step 050/390 Loss 1.480 Prec@(1,5) (44.7%, 91.6%)
10/10 06:14:34 PM | Train: [ 8/100] Step 100/390 Loss 1.461 Prec@(1,5) (45.6%, 92.5%)
10/10 06:15:16 PM | Train: [ 8/100] Step 150/390 Loss 1.450 Prec@(1,5) (46.0%, 92.8%)
10/10 06:15:57 PM | Train: [ 8/100] Step 200/390 Loss 1.442 Prec@(1,5) (46.6%, 93.0%)
10/10 06:16:38 PM | Train: [ 8/100] Step 250/390 Loss 1.445 Prec@(1,5) (46.5%, 93.0%)
10/10 06:17:19 PM | Train: [ 8/100] Step 300/390 Loss 1.441 Prec@(1,5) (46.9%, 93.0%)
10/10 06:18:00 PM | Train: [ 8/100] Step 350/390 Loss 1.437 Prec@(1,5) (47.1%, 93.0%)
10/10 06:18:33 PM | Train: [ 8/100] Step 390/390 Loss 1.432 Prec@(1,5) (47.4%, 93.1%)
10/10 06:18:33 PM | Train: [ 8/100] Final Prec@1 47.3960%
10/10 06:18:33 PM | Valid: [ 8/100] Step 000/390 Loss 2.982 Prec@(1,5) (34.4%, 85.9%)
10/10 06:18:38 PM | Valid: [ 8/100] Step 050/390 Loss 2.352 Prec@(1,5) (39.5%, 89.3%)
10/10 06:18:43 PM | Valid: [ 8/100] Step 100/390 Loss 2.366 Prec@(1,5) (39.5%, 88.6%)
10/10 06:18:48 PM | Valid: [ 8/100] Step 150/390 Loss 2.333 Prec@(1,5) (40.1%, 88.9%)
10/10 06:18:53 PM | Valid: [ 8/100] Step 200/390 Loss 2.326 Prec@(1,5) (40.2%, 88.9%)
10/10 06:18:58 PM | Valid: [ 8/100] Step 250/390 Loss 2.340 Prec@(1,5) (39.9%, 88.8%)
10/10 06:19:03 PM | Valid: [ 8/100] Step 300/390 Loss 2.335 Prec@(1,5) (39.9%, 88.7%)
10/10 06:19:08 PM | Valid: [ 8/100] Step 350/390 Loss 2.329 Prec@(1,5) (40.2%, 88.9%)
10/10 06:19:12 PM | Valid: [ 8/100] Step 390/390 Loss 2.333 Prec@(1,5) (40.1%, 88.9%)
10/10 06:19:12 PM | Valid: [ 8/100] Final Prec@1 40.0960%
10/10 06:19:12 PM | genotype = Genotype(normal=[[('skip_connect', 1), ('skip_connect', 0)], [('skip_connect', 0), ('sep_conv_5x5', 2)], [('sep_conv_5x5', 3), ('skip_connect', 0)], [('sep_conv_5x5', 4), ('skip_connect', 0)]], normal_concat=range(2, 6), reduce=[[('max_pool_3x3', 0), ('max_pool_3x3', 1)], [('max_pool_3x3', 0), ('max_pool_3x3', 1)], [('max_pool_3x3', 0), ('max_pool_3x3', 1)], [('max_pool_3x3', 0), ('sep_conv_5x5', 4)]], reduce_concat=range(2, 6))
####### ALPHA #######
# Alpha - normal
tensor([[0.1206, 0.1184, 0.1311, 0.1272, 0.1300, 0.1293, 0.1267, 0.1167],
        [0.1205, 0.1200, 0.1321, 0.1240, 0.1279, 0.1232, 0.1258, 0.1266]],
       device='cuda:1', grad_fn=<SoftmaxBackward>)
tensor([[0.1301, 0.1211, 0.1342, 0.1299, 0.1247, 0.1240, 0.1241, 0.1119],
        [0.1274, 0.1193, 0.1300, 0.1228, 0.1284, 0.1208, 0.1268, 0.1246],
        [0.1098, 0.1109, 0.1271, 0.1265, 0.1310, 0.1284, 0.1247, 0.1416]],
       device='cuda:1', grad_fn=<SoftmaxBackward>)
tensor([[0.1304, 0.1220, 0.1332, 0.1244, 0.1255, 0.1273, 0.1194, 0.1177],
        [0.1288, 0.1217, 0.1312, 0.1253, 0.1253, 0.1227, 0.1230, 0.1221],
        [0.1188, 0.1141, 0.1262, 0.1258, 0.1268, 0.1257, 0.1244, 0.1381],
        [0.1124, 0.1126, 0.1181, 0.1274, 0.1329, 0.1271, 0.1291, 0.1405]],
       device='cuda:1', grad_fn=<SoftmaxBackward>)
tensor([[0.1298, 0.1229, 0.1328, 0.1278, 0.1264, 0.1209, 0.1213, 0.1180],
        [0.1279, 0.1210, 0.1289, 0.1232, 0.1296, 0.1212, 0.1208, 0.1275],
        [0.1186, 0.1133, 0.1246, 0.1264, 0.1293, 0.1264, 0.1238, 0.1375],
        [0.1166, 0.1130, 0.1178, 0.1286, 0.1305, 0.1237, 0.1271, 0.1427],
        [0.1167, 0.1145, 0.1123, 0.1283, 0.1328, 0.1266, 0.1291, 0.1397]],
       device='cuda:1', grad_fn=<SoftmaxBackward>)

# Alpha - reduce
