10/15 06:46:29 PM | 
10/15 06:46:29 PM | Parameters:
10/15 06:46:29 PM | ALPHA_LR=0.001
10/15 06:46:29 PM | ALPHA_WEIGHT_DECAY=0.001
10/15 06:46:29 PM | AZ=True
10/15 06:46:29 PM | BATCH_SIZE=64
10/15 06:46:29 PM | DATA_PATH=./data/
10/15 06:46:29 PM | DATASET=cifar10
10/15 06:46:29 PM | EPOCHS=100
10/15 06:46:29 PM | GPUS=[3]
10/15 06:46:29 PM | HV_TYPE=0
10/15 06:46:29 PM | INIT_CHANNELS=16
10/15 06:46:29 PM | LAYERS=8
10/15 06:46:29 PM | MULTI_AVG_RANK=0
10/15 06:46:29 PM | MULTI_AVG_SIZE=0
10/15 06:46:29 PM | N_NODES=4
10/15 06:46:29 PM | NAME=cifar10
10/15 06:46:29 PM | OPS_SET=1
10/15 06:46:29 PM | PATH=searchs/cifar10
10/15 06:46:29 PM | PLOT_PATH=searchs/cifar10/plots
10/15 06:46:29 PM | PRINT_FREQ=50
10/15 06:46:29 PM | PROXYLESS=True
10/15 06:46:29 PM | SBP=False
10/15 06:46:29 PM | SEED=2
10/15 06:46:29 PM | W_GRAD_CLIP=5.0
10/15 06:46:29 PM | W_LR=0.025
10/15 06:46:29 PM | W_LR_MIN=0.001
10/15 06:46:29 PM | W_MOMENTUM=0.9
10/15 06:46:29 PM | W_WEIGHT_DECAY=0.0003
10/15 06:46:29 PM | WORKERS=4
10/15 06:46:29 PM | 
10/15 06:46:29 PM | Logger is set - training start
####### ALPHA #######
# Alpha - normal
tensor([[0.1249, 0.1252, 0.1249, 0.1249, 0.1249, 0.1252, 0.1249, 0.1250],
        [0.1249, 0.1251, 0.1250, 0.1250, 0.1252, 0.1249, 0.1250, 0.1250]],
       device='cuda:3', grad_fn=<SoftmaxBackward>)
tensor([[0.1249, 0.1253, 0.1250, 0.1250, 0.1249, 0.1250, 0.1250, 0.1249],
        [0.1251, 0.1247, 0.1249, 0.1253, 0.1248, 0.1249, 0.1251, 0.1253],
        [0.1250, 0.1250, 0.1249, 0.1251, 0.1252, 0.1250, 0.1251, 0.1249]],
       device='cuda:3', grad_fn=<SoftmaxBackward>)
tensor([[0.1250, 0.1249, 0.1250, 0.1250, 0.1250, 0.1251, 0.1249, 0.1251],
        [0.1250, 0.1249, 0.1251, 0.1249, 0.1249, 0.1253, 0.1252, 0.1248],
        [0.1250, 0.1250, 0.1251, 0.1248, 0.1251, 0.1250, 0.1251, 0.1250],
        [0.1250, 0.1251, 0.1250, 0.1251, 0.1251, 0.1251, 0.1249, 0.1248]],
       device='cuda:3', grad_fn=<SoftmaxBackward>)
tensor([[0.1250, 0.1250, 0.1249, 0.1249, 0.1251, 0.1250, 0.1249, 0.1252],
        [0.1250, 0.1252, 0.1252, 0.1248, 0.1250, 0.1249, 0.1248, 0.1251],
        [0.1251, 0.1251, 0.1250, 0.1251, 0.1248, 0.1250, 0.1249, 0.1249],
        [0.1249, 0.1250, 0.1250, 0.1253, 0.1251, 0.1251, 0.1247, 0.1249],
        [0.1251, 0.1251, 0.1252, 0.1249, 0.1249, 0.1251, 0.1250, 0.1249]],
       device='cuda:3', grad_fn=<SoftmaxBackward>)

# Alpha - reduce
tensor([[0.1248, 0.1249, 0.1249, 0.1251, 0.1250, 0.1250, 0.1251, 0.1251],
        [0.1250, 0.1248, 0.1249, 0.1252, 0.1249, 0.1250, 0.1249, 0.1251]],
       device='cuda:3', grad_fn=<SoftmaxBackward>)
tensor([[0.1251, 0.1249, 0.1252, 0.1249, 0.1250, 0.1250, 0.1249, 0.1250],
        [0.1250, 0.1249, 0.1250, 0.1251, 0.1251, 0.1249, 0.1250, 0.1251],
        [0.1250, 0.1250, 0.1250, 0.1249, 0.1250, 0.1250, 0.1250, 0.1252]],
       device='cuda:3', grad_fn=<SoftmaxBackward>)
tensor([[0.1251, 0.1247, 0.1249, 0.1252, 0.1252, 0.1249, 0.1251, 0.1249],
        [0.1250, 0.1250, 0.1250, 0.1251, 0.1253, 0.1249, 0.1249, 0.1248],
        [0.1250, 0.1252, 0.1250, 0.1250, 0.1251, 0.1248, 0.1251, 0.1249],
        [0.1250, 0.1251, 0.1251, 0.1249, 0.1248, 0.1251, 0.1250, 0.1250]],
       device='cuda:3', grad_fn=<SoftmaxBackward>)
tensor([[0.1250, 0.1249, 0.1251, 0.1251, 0.1251, 0.1249, 0.1250, 0.1250],
        [0.1252, 0.1249, 0.1251, 0.1251, 0.1250, 0.1249, 0.1249, 0.1249],
        [0.1249, 0.1250, 0.1251, 0.1250, 0.1249, 0.1250, 0.1250, 0.1252],
        [0.1250, 0.1249, 0.1250, 0.1251, 0.1250, 0.1251, 0.1250, 0.1249],
        [0.1249, 0.1251, 0.1250, 0.1251, 0.1248, 0.1251, 0.1249, 0.1251]],
       device='cuda:3', grad_fn=<SoftmaxBackward>)
#####################
Files already downloaded and verified
10/15 06:46:36 PM | Train: [ 1/100] Step 000/390 Loss 2.270 Prec@(1,5) (12.5%, 62.5%)
10/15 06:47:20 PM | Train: [ 1/100] Step 050/390 Loss 2.293 Prec@(1,5) (13.8%, 59.7%)
10/15 06:48:04 PM | Train: [ 1/100] Step 100/390 Loss 2.260 Prec@(1,5) (15.6%, 64.0%)
10/15 06:48:48 PM | Train: [ 1/100] Step 150/390 Loss 2.215 Prec@(1,5) (17.5%, 68.3%)
10/15 06:49:31 PM | Train: [ 1/100] Step 200/390 Loss 2.185 Prec@(1,5) (18.6%, 70.9%)
10/15 06:50:15 PM | Train: [ 1/100] Step 250/390 Loss 2.159 Prec@(1,5) (19.4%, 72.5%)
10/15 06:50:59 PM | Train: [ 1/100] Step 300/390 Loss 2.139 Prec@(1,5) (20.3%, 73.9%)
10/15 06:51:43 PM | Train: [ 1/100] Step 350/390 Loss 2.121 Prec@(1,5) (20.8%, 74.9%)
10/15 06:52:20 PM | Train: [ 1/100] Step 390/390 Loss 2.109 Prec@(1,5) (21.3%, 75.5%)
10/15 06:52:20 PM | Train: [ 1/100] Final Prec@1 21.2760%
10/15 06:52:20 PM | Valid: [ 1/100] Step 000/390 Loss 1.923 Prec@(1,5) (20.3%, 78.1%)
10/15 06:52:25 PM | Valid: [ 1/100] Step 050/390 Loss 1.958 Prec@(1,5) (24.8%, 83.3%)
10/15 06:52:30 PM | Valid: [ 1/100] Step 100/390 Loss 1.981 Prec@(1,5) (25.1%, 82.8%)
10/15 06:52:35 PM | Valid: [ 1/100] Step 150/390 Loss 1.987 Prec@(1,5) (25.0%, 82.8%)
10/15 06:52:39 PM | Valid: [ 1/100] Step 200/390 Loss 1.987 Prec@(1,5) (25.0%, 83.1%)
10/15 06:52:44 PM | Valid: [ 1/100] Step 250/390 Loss 1.986 Prec@(1,5) (25.1%, 83.0%)
10/15 06:52:49 PM | Valid: [ 1/100] Step 300/390 Loss 1.990 Prec@(1,5) (25.2%, 82.9%)
10/15 06:52:54 PM | Valid: [ 1/100] Step 350/390 Loss 1.994 Prec@(1,5) (24.9%, 82.9%)
10/15 06:52:58 PM | Valid: [ 1/100] Step 390/390 Loss 1.995 Prec@(1,5) (24.9%, 83.0%)
10/15 06:52:58 PM | Valid: [ 1/100] Final Prec@1 24.8640%
10/15 06:52:58 PM | genotype = Genotype(normal=[[('dil_conv_3x3', 1), ('sep_conv_3x3', 0)], [('dil_conv_3x3', 0), ('sep_conv_5x5', 2)], [('dil_conv_5x5', 3), ('sep_conv_5x5', 1)], [('dil_conv_3x3', 2), ('sep_conv_5x5', 1)]], normal_concat=range(2, 6), reduce=[[('sep_conv_3x3', 1), ('avg_pool_3x3', 0)], [('max_pool_3x3', 0), ('skip_connect', 2)], [('sep_conv_5x5', 0), ('max_pool_3x3', 1)], [('max_pool_3x3', 0), ('skip_connect', 4)]], reduce_concat=range(2, 6))
####### ALPHA #######
# Alpha - normal
tensor([[0.1243, 0.1195, 0.1256, 0.1270, 0.1251, 0.1267, 0.1258, 0.1259],
        [0.1180, 0.1182, 0.1206, 0.1260, 0.1231, 0.1298, 0.1252, 0.1390]],
       device='cuda:3', grad_fn=<SoftmaxBackward>)
tensor([[0.1234, 0.1188, 0.1281, 0.1289, 0.1255, 0.1295, 0.1197, 0.1261],
        [0.1229, 0.1223, 0.1185, 0.1219, 0.1268, 0.1253, 0.1244, 0.1380],
        [0.1133, 0.1147, 0.1204, 0.1248, 0.1297, 0.1288, 0.1272, 0.1411]],
       device='cuda:3', grad_fn=<SoftmaxBackward>)
tensor([[0.1262, 0.1238, 0.1199, 0.1263, 0.1266, 0.1229, 0.1271, 0.1271],
        [0.1199, 0.1169, 0.1165, 0.1217, 0.1287, 0.1272, 0.1282, 0.1409],
        [0.1175, 0.1142, 0.1174, 0.1224, 0.1255, 0.1265, 0.1286, 0.1479],
        [0.1182, 0.1122, 0.1180, 0.1236, 0.1288, 0.1253, 0.1293, 0.1447]],
       device='cuda:3', grad_fn=<SoftmaxBackward>)
tensor([[0.1269, 0.1250, 0.1260, 0.1268, 0.1240, 0.1245, 0.1237, 0.1231],
        [0.1225, 0.1153, 0.1198, 0.1275, 0.1278, 0.1257, 0.1257, 0.1358],
        [0.1137, 0.1170, 0.1253, 0.1254, 0.1212, 0.1278, 0.1253, 0.1442],
        [0.1147, 0.1167, 0.1194, 0.1246, 0.1244, 0.1270, 0.1257, 0.1474],
        [0.1150, 0.1157, 0.1199, 0.1287, 0.1265, 0.1250, 0.1232, 0.1460]],
       device='cuda:3', grad_fn=<SoftmaxBackward>)

# Alpha - reduce
tensor([[0.1262, 0.1283, 0.1265, 0.1238, 0.1259, 0.1252, 0.1244, 0.1197],
        [0.1233, 0.1207, 0.1261, 0.1286, 0.1208, 0.1238, 0.1274, 0.1293]],
       device='cuda:3', grad_fn=<SoftmaxBackward>)
tensor([[0.1333, 0.1254, 0.1267, 0.1256, 0.1197, 0.1237, 0.1291, 0.1165],
        [0.1260, 0.1222, 0.1271, 0.1237, 0.1210, 0.1266, 0.1255, 0.1278],
        [0.1229, 0.1187, 0.1276, 0.1250, 0.1252, 0.1248, 0.1250, 0.1308]],
       device='cuda:3', grad_fn=<SoftmaxBackward>)
tensor([[0.1291, 0.1254, 0.1297, 0.1255, 0.1302, 0.1235, 0.1195, 0.1172],
        [0.1299, 0.1212, 0.1215, 0.1291, 0.1269, 0.1247, 0.1218, 0.1249],
        [0.1243, 0.1198, 0.1259, 0.1264, 0.1257, 0.1255, 0.1236, 0.1289],
        [0.1222, 0.1198, 0.1224, 0.1279, 0.1263, 0.1273, 0.1247, 0.1294]],
       device='cuda:3', grad_fn=<SoftmaxBackward>)
tensor([[0.1311, 0.1291, 0.1206, 0.1234, 0.1280, 0.1259, 0.1201, 0.1219],
        [0.1254, 0.1272, 0.1235, 0.1242, 0.1245, 0.1213, 0.1291, 0.1248],
        [0.1259, 0.1193, 0.1274, 0.1265, 0.1223, 0.1232, 0.1281, 0.1274],
        [0.1228, 0.1231, 0.1279, 0.1264, 0.1227, 0.1250, 0.1229, 0.1292],
        [0.1192, 0.1199, 0.1295, 0.1234, 0.1250, 0.1291, 0.1270, 0.1269]],
       device='cuda:3', grad_fn=<SoftmaxBackward>)
#####################

10/15 06:53:00 PM | Train: [ 2/100] Step 000/390 Loss 2.054 Prec@(1,5) (20.3%, 81.2%)
10/15 06:53:40 PM | Train: [ 2/100] Step 050/390 Loss 1.998 Prec@(1,5) (25.1%, 81.8%)
10/15 06:54:24 PM | Train: [ 2/100] Step 100/390 Loss 1.951 Prec@(1,5) (26.3%, 82.2%)
10/15 06:55:07 PM | Train: [ 2/100] Step 150/390 Loss 1.939 Prec@(1,5) (26.7%, 82.7%)
10/15 06:55:51 PM | Train: [ 2/100] Step 200/390 Loss 1.928 Prec@(1,5) (27.2%, 83.2%)
10/15 06:56:35 PM | Train: [ 2/100] Step 250/390 Loss 1.921 Prec@(1,5) (27.5%, 83.3%)
10/15 06:57:19 PM | Train: [ 2/100] Step 300/390 Loss 1.907 Prec@(1,5) (27.8%, 83.6%)
10/15 06:58:02 PM | Train: [ 2/100] Step 350/390 Loss 1.902 Prec@(1,5) (28.0%, 83.7%)
10/15 06:58:37 PM | Train: [ 2/100] Step 390/390 Loss 1.890 Prec@(1,5) (28.3%, 84.1%)
10/15 06:58:37 PM | Train: [ 2/100] Final Prec@1 28.3040%
10/15 06:58:38 PM | Valid: [ 2/100] Step 000/390 Loss 2.166 Prec@(1,5) (18.8%, 75.0%)
10/15 06:58:43 PM | Valid: [ 2/100] Step 050/390 Loss 2.081 Prec@(1,5) (20.0%, 79.3%)
10/15 06:58:48 PM | Valid: [ 2/100] Step 100/390 Loss 2.083 Prec@(1,5) (20.0%, 78.8%)
10/15 06:58:52 PM | Valid: [ 2/100] Step 150/390 Loss 2.081 Prec@(1,5) (20.6%, 79.1%)
10/15 06:58:57 PM | Valid: [ 2/100] Step 200/390 Loss 2.083 Prec@(1,5) (20.5%, 79.0%)
10/15 06:59:02 PM | Valid: [ 2/100] Step 250/390 Loss 2.081 Prec@(1,5) (20.6%, 79.2%)
10/15 06:59:07 PM | Valid: [ 2/100] Step 300/390 Loss 2.082 Prec@(1,5) (20.4%, 79.2%)
10/15 06:59:12 PM | Valid: [ 2/100] Step 350/390 Loss 2.081 Prec@(1,5) (20.4%, 79.2%)
10/15 06:59:16 PM | Valid: [ 2/100] Step 390/390 Loss 2.081 Prec@(1,5) (20.4%, 79.3%)
10/15 06:59:16 PM | Valid: [ 2/100] Final Prec@1 20.3920%
10/15 06:59:16 PM | genotype = Genotype(normal=[[('dil_conv_3x3', 0), ('dil_conv_3x3', 1)], [('skip_connect', 0), ('sep_conv_5x5', 2)], [('max_pool_3x3', 0), ('sep_conv_5x5', 1)], [('skip_connect', 0), ('sep_conv_3x3', 4)]], normal_concat=range(2, 6), reduce=[[('avg_pool_3x3', 0), ('skip_connect', 1)], [('max_pool_3x3', 0), ('skip_connect', 1)], [('max_pool_3x3', 0), ('max_pool_3x3', 1)], [('max_pool_3x3', 0), ('dil_conv_5x5', 1)]], reduce_concat=range(2, 6))
####### ALPHA #######
# Alpha - normal
tensor([[0.1281, 0.1169, 0.1272, 0.1274, 0.1222, 0.1282, 0.1250, 0.1250],
        [0.1153, 0.1166, 0.1199, 0.1255, 0.1242, 0.1262, 0.1235, 0.1488]],
       device='cuda:3', grad_fn=<SoftmaxBackward>)
tensor([[0.1233, 0.1214, 0.1309, 0.1296, 0.1196, 0.1296, 0.1197, 0.1258],
        [0.1181, 0.1145, 0.1190, 0.1199, 0.1256, 0.1224, 0.1254, 0.1551],
        [0.1081, 0.1049, 0.1204, 0.1216, 0.1317, 0.1295, 0.1269, 0.1570]],
       device='cuda:3', grad_fn=<SoftmaxBackward>)
tensor([[0.1305, 0.1228, 0.1250, 0.1226, 0.1248, 0.1220, 0.1268, 0.1256],
        [0.1168, 0.1141, 0.1147, 0.1234, 0.1304, 0.1246, 0.1241, 0.1519],
        [0.1125, 0.1064, 0.1139, 0.1187, 0.1245, 0.1278, 0.1264, 0.1699],
        [0.1135, 0.1056, 0.1114, 0.1237, 0.1281, 0.1254, 0.1254, 0.1670]],
       device='cuda:3', grad_fn=<SoftmaxBackward>)
tensor([[0.1277, 0.1238, 0.1281, 0.1279, 0.1239, 0.1200, 0.1206, 0.1280],
        [0.1208, 0.1126, 0.1188, 0.1265, 0.1256, 0.1226, 0.1270, 0.1461],
        [0.1082, 0.1115, 0.1217, 0.1255, 0.1192, 0.1244, 0.1245, 0.1649],
        [0.1093, 0.1097, 0.1152, 0.1244, 0.1224, 0.1232, 0.1212, 0.1747],
        [0.1082, 0.1094, 0.1136, 0.1296, 0.1280, 0.1223, 0.1179, 0.1710]],
       device='cuda:3', grad_fn=<SoftmaxBackward>)

# Alpha - reduce
tensor([[0.1289, 0.1296, 0.1265, 0.1265, 0.1260, 0.1245, 0.1235, 0.1145],
        [0.1233, 0.1218, 0.1279, 0.1270, 0.1212, 0.1216, 0.1244, 0.1330]],
       device='cuda:3', grad_fn=<SoftmaxBackward>)
tensor([[0.1397, 0.1249, 0.1249, 0.1305, 0.1204, 0.1223, 0.1278, 0.1095],
        [0.1278, 0.1232, 0.1289, 0.1228, 0.1201, 0.1215, 0.1242, 0.1316],
        [0.1229, 0.1173, 0.1282, 0.1212, 0.1263, 0.1206, 0.1264, 0.1370]],
       device='cuda:3', grad_fn=<SoftmaxBackward>)
tensor([[0.1360, 0.1284, 0.1302, 0.1249, 0.1295, 0.1226, 0.1180, 0.1105],
        [0.1353, 0.1222, 0.1243, 0.1264, 0.1259, 0.1221, 0.1198, 0.1239],
        [0.1225, 0.1167, 0.1264, 0.1259, 0.1272, 0.1253, 0.1230, 0.1329],
        [0.1208, 0.1185, 0.1215, 0.1263, 0.1281, 0.1259, 0.1244, 0.1344]],
       device='cuda:3', grad_fn=<SoftmaxBackward>)
tensor([[0.1351, 0.1287, 0.1199, 0.1265, 0.1293, 0.1244, 0.1176, 0.1186],
        [0.1281, 0.1284, 0.1209, 0.1217, 0.1239, 0.1221, 0.1314, 0.1236],
        [0.1277, 0.1158, 0.1295, 0.1241, 0.1202, 0.1249, 0.1284, 0.1296],
        [0.1242, 0.1203, 0.1278, 0.1272, 0.1218, 0.1218, 0.1222, 0.1348],
        [0.1199, 0.1178, 0.1306, 0.1200, 0.1259, 0.1270, 0.1253, 0.1335]],
       device='cuda:3', grad_fn=<SoftmaxBackward>)
#####################

10/15 06:59:18 PM | Train: [ 3/100] Step 000/390 Loss 1.856 Prec@(1,5) (26.6%, 92.2%)
10/15 07:00:01 PM | Train: [ 3/100] Step 050/390 Loss 1.802 Prec@(1,5) (31.8%, 86.1%)
10/15 07:00:37 PM | Train: [ 3/100] Step 100/390 Loss 1.817 Prec@(1,5) (31.0%, 85.6%)
10/15 07:01:12 PM | Train: [ 3/100] Step 150/390 Loss 1.796 Prec@(1,5) (31.8%, 86.1%)
10/15 07:01:47 PM | Train: [ 3/100] Step 200/390 Loss 1.788 Prec@(1,5) (32.3%, 86.4%)
10/15 07:02:23 PM | Train: [ 3/100] Step 250/390 Loss 1.782 Prec@(1,5) (32.5%, 86.6%)
10/15 07:02:58 PM | Train: [ 3/100] Step 300/390 Loss 1.779 Prec@(1,5) (32.3%, 86.6%)
10/15 07:03:33 PM | Train: [ 3/100] Step 350/390 Loss 1.769 Prec@(1,5) (32.7%, 86.9%)
10/15 07:04:01 PM | Train: [ 3/100] Step 390/390 Loss 1.762 Prec@(1,5) (33.0%, 87.0%)
10/15 07:04:01 PM | Train: [ 3/100] Final Prec@1 33.0400%
10/15 07:04:02 PM | Valid: [ 3/100] Step 000/390 Loss 1.734 Prec@(1,5) (29.7%, 87.5%)
10/15 07:04:07 PM | Valid: [ 3/100] Step 050/390 Loss 1.807 Prec@(1,5) (30.9%, 86.5%)
10/15 07:04:12 PM | Valid: [ 3/100] Step 100/390 Loss 1.814 Prec@(1,5) (30.2%, 86.6%)
10/15 07:04:17 PM | Valid: [ 3/100] Step 150/390 Loss 1.815 Prec@(1,5) (30.1%, 86.9%)
10/15 07:04:22 PM | Valid: [ 3/100] Step 200/390 Loss 1.820 Prec@(1,5) (30.0%, 86.6%)
10/15 07:04:27 PM | Valid: [ 3/100] Step 250/390 Loss 1.820 Prec@(1,5) (30.1%, 86.6%)
10/15 07:04:32 PM | Valid: [ 3/100] Step 300/390 Loss 1.819 Prec@(1,5) (30.2%, 86.6%)
10/15 07:04:37 PM | Valid: [ 3/100] Step 350/390 Loss 1.818 Prec@(1,5) (30.2%, 86.5%)
10/15 07:04:41 PM | Valid: [ 3/100] Step 390/390 Loss 1.818 Prec@(1,5) (30.3%, 86.5%)
10/15 07:04:41 PM | Valid: [ 3/100] Final Prec@1 30.2520%
10/15 07:04:41 PM | genotype = Genotype(normal=[[('max_pool_3x3', 0), ('sep_conv_5x5', 1)], [('skip_connect', 0), ('sep_conv_5x5', 2)], [('max_pool_3x3', 0), ('sep_conv_5x5', 1)], [('max_pool_3x3', 0), ('sep_conv_5x5', 1)]], normal_concat=range(2, 6), reduce=[[('max_pool_3x3', 0), ('skip_connect', 1)], [('max_pool_3x3', 0), ('max_pool_3x3', 1)], [('max_pool_3x3', 0), ('max_pool_3x3', 1)], [('max_pool_3x3', 0), ('max_pool_3x3', 1)]], reduce_concat=range(2, 6))
####### ALPHA #######
# Alpha - normal
tensor([[0.1291, 0.1141, 0.1280, 0.1282, 0.1198, 0.1289, 0.1258, 0.1262],
        [0.1153, 0.1134, 0.1216, 0.1241, 0.1255, 0.1227, 0.1211, 0.1564]],
       device='cuda:3', grad_fn=<SoftmaxBackward>)
tensor([[0.1289, 0.1180, 0.1324, 0.1312, 0.1179, 0.1257, 0.1204, 0.1254],
        [0.1155, 0.1139, 0.1152, 0.1162, 0.1265, 0.1187, 0.1269, 0.1671],
        [0.0982, 0.1015, 0.1209, 0.1181, 0.1307, 0.1291, 0.1221, 0.1793]],
       device='cuda:3', grad_fn=<SoftmaxBackward>)
tensor([[0.1345, 0.1214, 0.1286, 0.1161, 0.1240, 0.1202, 0.1255, 0.1298],
        [0.1191, 0.1085, 0.1158, 0.1209, 0.1320, 0.1209, 0.1236, 0.1593],
        [0.1086, 0.1018, 0.1114, 0.1173, 0.1214, 0.1230, 0.1228, 0.1936],
        [0.1078, 0.0989, 0.1080, 0.1216, 0.1259, 0.1236, 0.1248, 0.1893]],
       device='cuda:3', grad_fn=<SoftmaxBackward>)
tensor([[0.1298, 0.1242, 0.1298, 0.1280, 0.1228, 0.1169, 0.1182, 0.1303],
        [0.1172, 0.1076, 0.1221, 0.1234, 0.1284, 0.1179, 0.1247, 0.1587],
        [0.1026, 0.1085, 0.1214, 0.1251, 0.1182, 0.1215, 0.1204, 0.1824],
        [0.1044, 0.1041, 0.1130, 0.1221, 0.1187, 0.1193, 0.1199, 0.1986],
        [0.1043, 0.1021, 0.1108, 0.1278, 0.1261, 0.1201, 0.1137, 0.1951]],
       device='cuda:3', grad_fn=<SoftmaxBackward>)

# Alpha - reduce
tensor([[0.1319, 0.1301, 0.1273, 0.1272, 0.1284, 0.1240, 0.1201, 0.1110],
        [0.1232, 0.1221, 0.1250, 0.1245, 0.1222, 0.1220, 0.1249, 0.1361]],
       device='cuda:3', grad_fn=<SoftmaxBackward>)
tensor([[0.1472, 0.1255, 0.1213, 0.1318, 0.1206, 0.1223, 0.1267, 0.1045],
        [0.1288, 0.1235, 0.1270, 0.1211, 0.1200, 0.1215, 0.1265, 0.1315],
        [0.1237, 0.1146, 0.1277, 0.1220, 0.1258, 0.1172, 0.1267, 0.1425]],
       device='cuda:3', grad_fn=<SoftmaxBackward>)
tensor([[0.1419, 0.1290, 0.1298, 0.1220, 0.1318, 0.1230, 0.1188, 0.1037],
        [0.1373, 0.1234, 0.1229, 0.1267, 0.1211, 0.1227, 0.1182, 0.1277],
        [0.1203, 0.1153, 0.1261, 0.1261, 0.1271, 0.1213, 0.1221, 0.1417],
        [0.1182, 0.1160, 0.1213, 0.1262, 0.1264, 0.1258, 0.1236, 0.1425]],
       device='cuda:3', grad_fn=<SoftmaxBackward>)
tensor([[0.1430, 0.1335, 0.1175, 0.1266, 0.1248, 0.1230, 0.1208, 0.1107],
        [0.1336, 0.1327, 0.1155, 0.1204, 0.1251, 0.1208, 0.1324, 0.1195],
        [0.1267, 0.1136, 0.1329, 0.1227, 0.1187, 0.1226, 0.1288, 0.1341],
        [0.1227, 0.1158, 0.1320, 0.1283, 0.1212, 0.1208, 0.1236, 0.1356],
        [0.1188, 0.1138, 0.1339, 0.1164, 0.1281, 0.1246, 0.1262, 0.1382]],
       device='cuda:3', grad_fn=<SoftmaxBackward>)
#####################

10/15 07:04:43 PM | Train: [ 4/100] Step 000/390 Loss 1.691 Prec@(1,5) (35.9%, 81.2%)
10/15 07:05:26 PM | Train: [ 4/100] Step 050/390 Loss 1.701 Prec@(1,5) (36.6%, 87.4%)
10/15 07:06:10 PM | Train: [ 4/100] Step 100/390 Loss 1.694 Prec@(1,5) (36.8%, 88.3%)
10/15 07:06:55 PM | Train: [ 4/100] Step 150/390 Loss 1.690 Prec@(1,5) (36.7%, 88.4%)
10/15 07:07:38 PM | Train: [ 4/100] Step 200/390 Loss 1.682 Prec@(1,5) (37.1%, 88.5%)
10/15 07:08:22 PM | Train: [ 4/100] Step 250/390 Loss 1.677 Prec@(1,5) (37.2%, 88.7%)
10/15 07:09:05 PM | Train: [ 4/100] Step 300/390 Loss 1.668 Prec@(1,5) (37.4%, 88.9%)
10/15 07:09:48 PM | Train: [ 4/100] Step 350/390 Loss 1.663 Prec@(1,5) (37.6%, 88.9%)
10/15 07:10:23 PM | Train: [ 4/100] Step 390/390 Loss 1.664 Prec@(1,5) (37.6%, 88.9%)
10/15 07:10:23 PM | Train: [ 4/100] Final Prec@1 37.6000%
10/15 07:10:24 PM | Valid: [ 4/100] Step 000/390 Loss 1.949 Prec@(1,5) (28.1%, 92.2%)
10/15 07:10:30 PM | Valid: [ 4/100] Step 050/390 Loss 1.798 Prec@(1,5) (35.0%, 88.8%)
10/15 07:10:36 PM | Valid: [ 4/100] Step 100/390 Loss 1.785 Prec@(1,5) (35.7%, 88.8%)
10/15 07:10:41 PM | Valid: [ 4/100] Step 150/390 Loss 1.779 Prec@(1,5) (35.7%, 88.9%)
10/15 07:10:47 PM | Valid: [ 4/100] Step 200/390 Loss 1.772 Prec@(1,5) (35.7%, 89.0%)
10/15 07:10:53 PM | Valid: [ 4/100] Step 250/390 Loss 1.768 Prec@(1,5) (35.7%, 89.0%)
10/15 07:10:59 PM | Valid: [ 4/100] Step 300/390 Loss 1.768 Prec@(1,5) (35.7%, 89.0%)
10/15 07:11:05 PM | Valid: [ 4/100] Step 350/390 Loss 1.768 Prec@(1,5) (35.8%, 89.0%)
10/15 07:11:10 PM | Valid: [ 4/100] Step 390/390 Loss 1.772 Prec@(1,5) (35.7%, 88.9%)
10/15 07:11:10 PM | Valid: [ 4/100] Final Prec@1 35.6920%
10/15 07:11:10 PM | genotype = Genotype(normal=[[('skip_connect', 0), ('sep_conv_3x3', 1)], [('skip_connect', 0), ('sep_conv_5x5', 2)], [('max_pool_3x3', 0), ('sep_conv_5x5', 1)], [('skip_connect', 0), ('sep_conv_5x5', 1)]], normal_concat=range(2, 6), reduce=[[('max_pool_3x3', 0), ('max_pool_3x3', 1)], [('max_pool_3x3', 0), ('max_pool_3x3', 1)], [('max_pool_3x3', 0), ('max_pool_3x3', 1)], [('max_pool_3x3', 0), ('max_pool_3x3', 1)]], reduce_concat=range(2, 6))
####### ALPHA #######
# Alpha - normal
tensor([[0.1316, 0.1139, 0.1329, 0.1244, 0.1223, 0.1281, 0.1229, 0.1239],
        [0.1158, 0.1110, 0.1229, 0.1232, 0.1225, 0.1228, 0.1206, 0.1612]],
       device='cuda:3', grad_fn=<SoftmaxBackward>)
tensor([[0.1318, 0.1185, 0.1359, 0.1323, 0.1160, 0.1203, 0.1202, 0.1249],
        [0.1139, 0.1105, 0.1185, 0.1129, 0.1233, 0.1161, 0.1245, 0.1803],
        [0.0949, 0.0949, 0.1208, 0.1148, 0.1295, 0.1271, 0.1156, 0.2024]],
       device='cuda:3', grad_fn=<SoftmaxBackward>)
tensor([[0.1384, 0.1205, 0.1318, 0.1124, 0.1262, 0.1195, 0.1196, 0.1316],
        [0.1186, 0.1089, 0.1144, 0.1181, 0.1308, 0.1208, 0.1240, 0.1645],
        [0.1043, 0.0966, 0.1090, 0.1133, 0.1177, 0.1210, 0.1224, 0.2157],
        [0.1013, 0.0926, 0.1073, 0.1182, 0.1190, 0.1195, 0.1225, 0.2195]],
       device='cuda:3', grad_fn=<SoftmaxBackward>)
tensor([[0.1362, 0.1197, 0.1368, 0.1290, 0.1225, 0.1112, 0.1123, 0.1322],
        [0.1193, 0.1070, 0.1215, 0.1194, 0.1320, 0.1123, 0.1187, 0.1698],
        [0.0999, 0.1033, 0.1216, 0.1211, 0.1161, 0.1172, 0.1166, 0.2041],
        [0.0991, 0.0989, 0.1119, 0.1166, 0.1154, 0.1157, 0.1163, 0.2260],
        [0.1000, 0.0976, 0.1092, 0.1251, 0.1251, 0.1149, 0.1082, 0.2200]],
       device='cuda:3', grad_fn=<SoftmaxBackward>)

# Alpha - reduce
tensor([[0.1350, 0.1305, 0.1314, 0.1278, 0.1276, 0.1243, 0.1159, 0.1074],
        [0.1266, 0.1232, 0.1192, 0.1233, 0.1258, 0.1181, 0.1249, 0.1388]],
       device='cuda:3', grad_fn=<SoftmaxBackward>)
tensor([[0.1490, 0.1277, 0.1263, 0.1345, 0.1202, 0.1225, 0.1220, 0.0978],
        [0.1287, 0.1263, 0.1233, 0.1243, 0.1195, 0.1199, 0.1278, 0.1302],
        [0.1202, 0.1086, 0.1274, 0.1212, 0.1248, 0.1164, 0.1273, 0.1541]],
       device='cuda:3', grad_fn=<SoftmaxBackward>)
tensor([[0.1459, 0.1342, 0.1290, 0.1194, 0.1315, 0.1196, 0.1218, 0.0985],
        [0.1400, 0.1250, 0.1220, 0.1240, 0.1205, 0.1233, 0.1191, 0.1261],
        [0.1184, 0.1121, 0.1251, 0.1239, 0.1268, 0.1222, 0.1217, 0.1498],
        [0.1149, 0.1144, 0.1215, 0.1274, 0.1256, 0.1223, 0.1173, 0.1566]],
       device='cuda:3', grad_fn=<SoftmaxBackward>)
tensor([[0.1476, 0.1351, 0.1156, 0.1306, 0.1234, 0.1222, 0.1232, 0.1023],
        [0.1418, 0.1292, 0.1163, 0.1220, 0.1237, 0.1173, 0.1313, 0.1184],
        [0.1234, 0.1108, 0.1358, 0.1210, 0.1174, 0.1218, 0.1283, 0.1417],
        [0.1209, 0.1168, 0.1301, 0.1258, 0.1245, 0.1162, 0.1245, 0.1412],
        [0.1177, 0.1149, 0.1313, 0.1143, 0.1261, 0.1254, 0.1257, 0.1446]],
       device='cuda:3', grad_fn=<SoftmaxBackward>)
#####################

10/15 07:11:11 PM | Train: [ 5/100] Step 000/390 Loss 1.634 Prec@(1,5) (42.2%, 89.1%)
10/15 07:11:53 PM | Train: [ 5/100] Step 050/390 Loss 1.599 Prec@(1,5) (40.0%, 90.3%)
10/15 07:12:37 PM | Train: [ 5/100] Step 100/390 Loss 1.614 Prec@(1,5) (39.4%, 90.1%)
10/15 07:13:17 PM | Train: [ 5/100] Step 150/390 Loss 1.599 Prec@(1,5) (39.7%, 90.4%)
10/15 07:13:53 PM | Train: [ 5/100] Step 200/390 Loss 1.598 Prec@(1,5) (39.6%, 90.3%)
10/15 07:14:29 PM | Train: [ 5/100] Step 250/390 Loss 1.592 Prec@(1,5) (39.8%, 90.4%)
10/15 07:15:04 PM | Train: [ 5/100] Step 300/390 Loss 1.586 Prec@(1,5) (40.2%, 90.4%)
10/15 07:15:40 PM | Train: [ 5/100] Step 350/390 Loss 1.585 Prec@(1,5) (40.3%, 90.5%)
10/15 07:16:08 PM | Train: [ 5/100] Step 390/390 Loss 1.585 Prec@(1,5) (40.4%, 90.6%)
10/15 07:16:08 PM | Train: [ 5/100] Final Prec@1 40.3560%
10/15 07:16:08 PM | Valid: [ 5/100] Step 000/390 Loss 1.477 Prec@(1,5) (46.9%, 92.2%)
10/15 07:16:13 PM | Valid: [ 5/100] Step 050/390 Loss 1.572 Prec@(1,5) (41.2%, 92.0%)
10/15 07:16:18 PM | Valid: [ 5/100] Step 100/390 Loss 1.588 Prec@(1,5) (40.9%, 91.8%)
10/15 07:16:22 PM | Valid: [ 5/100] Step 150/390 Loss 1.600 Prec@(1,5) (40.5%, 91.7%)
10/15 07:16:27 PM | Valid: [ 5/100] Step 200/390 Loss 1.597 Prec@(1,5) (40.6%, 91.6%)
10/15 07:16:31 PM | Valid: [ 5/100] Step 250/390 Loss 1.604 Prec@(1,5) (40.2%, 91.4%)
10/15 07:16:36 PM | Valid: [ 5/100] Step 300/390 Loss 1.606 Prec@(1,5) (40.1%, 91.3%)
10/15 07:16:41 PM | Valid: [ 5/100] Step 350/390 Loss 1.607 Prec@(1,5) (40.0%, 91.3%)
10/15 07:16:44 PM | Valid: [ 5/100] Step 390/390 Loss 1.601 Prec@(1,5) (40.1%, 91.4%)
10/15 07:16:44 PM | Valid: [ 5/100] Final Prec@1 40.1000%
10/15 07:16:44 PM | genotype = Genotype(normal=[[('skip_connect', 0), ('sep_conv_3x3', 1)], [('max_pool_3x3', 0), ('sep_conv_5x5', 2)], [('skip_connect', 0), ('sep_conv_5x5', 1)], [('skip_connect', 0), ('sep_conv_5x5', 1)]], normal_concat=range(2, 6), reduce=[[('max_pool_3x3', 0), ('sep_conv_5x5', 1)], [('max_pool_3x3', 0), ('max_pool_3x3', 1)], [('max_pool_3x3', 0), ('max_pool_3x3', 1)], [('max_pool_3x3', 0), ('max_pool_3x3', 1)]], reduce_concat=range(2, 6))
####### ALPHA #######
# Alpha - normal
tensor([[0.1324, 0.1134, 0.1383, 0.1238, 0.1220, 0.1245, 0.1256, 0.1199],
        [0.1153, 0.1090, 0.1216, 0.1252, 0.1239, 0.1196, 0.1155, 0.1700]],
       device='cuda:3', grad_fn=<SoftmaxBackward>)
tensor([[0.1415, 0.1161, 0.1392, 0.1336, 0.1148, 0.1134, 0.1202, 0.1211],
        [0.1128, 0.1091, 0.1191, 0.1133, 0.1164, 0.1180, 0.1225, 0.1888],
        [0.0881, 0.0900, 0.1183, 0.1093, 0.1257, 0.1232, 0.1100, 0.2355]],
       device='cuda:3', grad_fn=<SoftmaxBackward>)
tensor([[0.1402, 0.1193, 0.1424, 0.1095, 0.1266, 0.1170, 0.1141, 0.1308],
        [0.1189, 0.1055, 0.1165, 0.1155, 0.1252, 0.1184, 0.1233, 0.1766],
        [0.0994, 0.0926, 0.1062, 0.1111, 0.1146, 0.1192, 0.1210, 0.2359],
        [0.0958, 0.0907, 0.1007, 0.1162, 0.1167, 0.1157, 0.1158, 0.2484]],
       device='cuda:3', grad_fn=<SoftmaxBackward>)
tensor([[0.1415, 0.1202, 0.1417, 0.1307, 0.1209, 0.1065, 0.1078, 0.1307],
        [0.1174, 0.1066, 0.1211, 0.1177, 0.1310, 0.1082, 0.1169, 0.1811],
        [0.0944, 0.1007, 0.1209, 0.1138, 0.1114, 0.1141, 0.1149, 0.2297],
        [0.0937, 0.0937, 0.1103, 0.1118, 0.1159, 0.1088, 0.1098, 0.2560],
        [0.0934, 0.0909, 0.1050, 0.1232, 0.1211, 0.1137, 0.1040, 0.2487]],
       device='cuda:3', grad_fn=<SoftmaxBackward>)

# Alpha - reduce
tensor([[0.1391, 0.1321, 0.1313, 0.1249, 0.1281, 0.1245, 0.1156, 0.1043],
        [0.1260, 0.1236, 0.1178, 0.1223, 0.1283, 0.1174, 0.1240, 0.1406]],
       device='cuda:3', grad_fn=<SoftmaxBackward>)
tensor([[0.1549, 0.1322, 0.1247, 0.1318, 0.1206, 0.1205, 0.1205, 0.0948],
        [0.1297, 0.1255, 0.1219, 0.1267, 0.1197, 0.1178, 0.1295, 0.1292],
        [0.1215, 0.1097, 0.1254, 0.1169, 0.1263, 0.1156, 0.1262, 0.1584]],
       device='cuda:3', grad_fn=<SoftmaxBackward>)
tensor([[0.1469, 0.1357, 0.1315, 0.1169, 0.1329, 0.1200, 0.1250, 0.0912],
        [0.1406, 0.1273, 0.1240, 0.1212, 0.1198, 0.1206, 0.1181, 0.1284],
        [0.1158, 0.1123, 0.1265, 0.1215, 0.1267, 0.1207, 0.1205, 0.1561],
        [0.1109, 0.1143, 0.1216, 0.1269, 0.1236, 0.1192, 0.1189, 0.1646]],
       device='cuda:3', grad_fn=<SoftmaxBackward>)
tensor([[0.1519, 0.1371, 0.1160, 0.1297, 0.1225, 0.1238, 0.1213, 0.0977],
        [0.1476, 0.1312, 0.1159, 0.1173, 0.1250, 0.1138, 0.1298, 0.1195],
        [0.1216, 0.1079, 0.1404, 0.1171, 0.1146, 0.1235, 0.1274, 0.1475],
        [0.1167, 0.1126, 0.1309, 0.1288, 0.1219, 0.1148, 0.1242, 0.1501],
        [0.1147, 0.1087, 0.1319, 0.1144, 0.1264, 0.1244, 0.1228, 0.1567]],
       device='cuda:3', grad_fn=<SoftmaxBackward>)
#####################

10/15 07:16:46 PM | Train: [ 6/100] Step 000/390 Loss 1.355 Prec@(1,5) (50.0%, 98.4%)
10/15 07:17:29 PM | Train: [ 6/100] Step 050/390 Loss 1.511 Prec@(1,5) (44.5%, 91.4%)
10/15 07:18:11 PM | Train: [ 6/100] Step 100/390 Loss 1.499 Prec@(1,5) (44.3%, 91.6%)
10/15 07:18:55 PM | Train: [ 6/100] Step 150/390 Loss 1.497 Prec@(1,5) (44.3%, 91.7%)
10/15 07:19:38 PM | Train: [ 6/100] Step 200/390 Loss 1.504 Prec@(1,5) (44.0%, 91.7%)
10/15 07:20:22 PM | Train: [ 6/100] Step 250/390 Loss 1.501 Prec@(1,5) (44.0%, 91.9%)
10/15 07:21:05 PM | Train: [ 6/100] Step 300/390 Loss 1.501 Prec@(1,5) (44.2%, 91.9%)
10/15 07:21:48 PM | Train: [ 6/100] Step 350/390 Loss 1.500 Prec@(1,5) (44.3%, 91.7%)
10/15 07:22:23 PM | Train: [ 6/100] Step 390/390 Loss 1.497 Prec@(1,5) (44.3%, 91.8%)
10/15 07:22:23 PM | Train: [ 6/100] Final Prec@1 44.3400%
10/15 07:22:23 PM | Valid: [ 6/100] Step 000/390 Loss 1.927 Prec@(1,5) (28.1%, 79.7%)
10/15 07:22:28 PM | Valid: [ 6/100] Step 050/390 Loss 1.898 Prec@(1,5) (26.2%, 83.9%)
10/15 07:22:33 PM | Valid: [ 6/100] Step 100/390 Loss 1.891 Prec@(1,5) (26.5%, 84.5%)
10/15 07:22:38 PM | Valid: [ 6/100] Step 150/390 Loss 1.891 Prec@(1,5) (26.7%, 84.7%)
10/15 07:22:44 PM | Valid: [ 6/100] Step 200/390 Loss 1.889 Prec@(1,5) (26.8%, 84.8%)
10/15 07:22:49 PM | Valid: [ 6/100] Step 250/390 Loss 1.892 Prec@(1,5) (27.0%, 84.7%)
10/15 07:22:54 PM | Valid: [ 6/100] Step 300/390 Loss 1.890 Prec@(1,5) (27.1%, 84.7%)
10/15 07:22:59 PM | Valid: [ 6/100] Step 350/390 Loss 1.889 Prec@(1,5) (27.2%, 84.8%)
10/15 07:23:03 PM | Valid: [ 6/100] Step 390/390 Loss 1.888 Prec@(1,5) (27.2%, 84.8%)
10/15 07:23:03 PM | Valid: [ 6/100] Final Prec@1 27.1840%
10/15 07:23:03 PM | genotype = Genotype(normal=[[('skip_connect', 0), ('sep_conv_5x5', 1)], [('max_pool_3x3', 0), ('dil_conv_3x3', 2)], [('skip_connect', 0), ('sep_conv_5x5', 1)], [('max_pool_3x3', 0), ('sep_conv_5x5', 1)]], normal_concat=range(2, 6), reduce=[[('max_pool_3x3', 0), ('max_pool_3x3', 1)], [('max_pool_3x3', 0), ('max_pool_3x3', 1)], [('max_pool_3x3', 0), ('max_pool_3x3', 1)], [('max_pool_3x3', 0), ('max_pool_3x3', 1)]], reduce_concat=range(2, 6))
####### ALPHA #######
# Alpha - normal
tensor([[0.1342, 0.1152, 0.1412, 0.1209, 0.1191, 0.1243, 0.1231, 0.1220],
        [0.1147, 0.1074, 0.1225, 0.1232, 0.1260, 0.1187, 0.1138, 0.1737]],
       device='cuda:3', grad_fn=<SoftmaxBackward>)
tensor([[0.1434, 0.1130, 0.1417, 0.1353, 0.1154, 0.1089, 0.1212, 0.1211],
        [0.1161, 0.1071, 0.1182, 0.1130, 0.1133, 0.1149, 0.1182, 0.1993],
        [0.0829, 0.0852, 0.1137, 0.1080, 0.1208, 0.1225, 0.1057, 0.2612]],
       device='cuda:3', grad_fn=<SoftmaxBackward>)
tensor([[0.1475, 0.1158, 0.1500, 0.1093, 0.1247, 0.1151, 0.1117, 0.1259],
        [0.1210, 0.1063, 0.1182, 0.1124, 0.1243, 0.1147, 0.1188, 0.1843],
        [0.0961, 0.0872, 0.1020, 0.1039, 0.1141, 0.1151, 0.1154, 0.2663],
        [0.0913, 0.0869, 0.0957, 0.1110, 0.1145, 0.1120, 0.1092, 0.2794]],
       device='cuda:3', grad_fn=<SoftmaxBackward>)
tensor([[0.1444, 0.1171, 0.1433, 0.1365, 0.1166, 0.1061, 0.1073, 0.1286],
        [0.1165, 0.1066, 0.1233, 0.1154, 0.1311, 0.1069, 0.1156, 0.1845],
        [0.0934, 0.0950, 0.1180, 0.1113, 0.1081, 0.1105, 0.1076, 0.2561],
        [0.0909, 0.0905, 0.1087, 0.1079, 0.1155, 0.1025, 0.1076, 0.2763],
        [0.0889, 0.0877, 0.1040, 0.1188, 0.1189, 0.1097, 0.1009, 0.2711]],
       device='cuda:3', grad_fn=<SoftmaxBackward>)

# Alpha - reduce
tensor([[0.1416, 0.1350, 0.1346, 0.1232, 0.1289, 0.1238, 0.1134, 0.0995],
        [0.1282, 0.1197, 0.1177, 0.1232, 0.1281, 0.1143, 0.1215, 0.1474]],
       device='cuda:3', grad_fn=<SoftmaxBackward>)
tensor([[0.1599, 0.1347, 0.1251, 0.1306, 0.1190, 0.1199, 0.1209, 0.0899],
        [0.1343, 0.1231, 0.1211, 0.1266, 0.1198, 0.1163, 0.1281, 0.1306],
        [0.1187, 0.1051, 0.1278, 0.1161, 0.1276, 0.1165, 0.1232, 0.1650]],
       device='cuda:3', grad_fn=<SoftmaxBackward>)
tensor([[0.1527, 0.1342, 0.1332, 0.1182, 0.1357, 0.1158, 0.1235, 0.0867],
        [0.1409, 0.1271, 0.1229, 0.1201, 0.1175, 0.1208, 0.1184, 0.1322],
        [0.1165, 0.1093, 0.1256, 0.1197, 0.1267, 0.1202, 0.1202, 0.1619],
        [0.1103, 0.1118, 0.1177, 0.1232, 0.1312, 0.1157, 0.1212, 0.1690]],
       device='cuda:3', grad_fn=<SoftmaxBackward>)
tensor([[0.1625, 0.1407, 0.1159, 0.1291, 0.1193, 0.1219, 0.1186, 0.0920],
        [0.1478, 0.1321, 0.1152, 0.1172, 0.1248, 0.1119, 0.1292, 0.1220],
        [0.1165, 0.1103, 0.1384, 0.1188, 0.1135, 0.1218, 0.1288, 0.1518],
        [0.1124, 0.1101, 0.1311, 0.1297, 0.1204, 0.1165, 0.1217, 0.1581],
        [0.1158, 0.1072, 0.1316, 0.1083, 0.1264, 0.1201, 0.1251, 0.1655]],
       device='cuda:3', grad_fn=<SoftmaxBackward>)
#####################

10/15 07:23:05 PM | Train: [ 7/100] Step 000/390 Loss 1.451 Prec@(1,5) (46.9%, 93.8%)
10/15 07:23:48 PM | Train: [ 7/100] Step 050/390 Loss 1.468 Prec@(1,5) (47.1%, 92.4%)
10/15 07:24:32 PM | Train: [ 7/100] Step 100/390 Loss 1.460 Prec@(1,5) (45.8%, 92.3%)
10/15 07:25:15 PM | Train: [ 7/100] Step 150/390 Loss 1.456 Prec@(1,5) (45.8%, 92.3%)
10/15 07:25:59 PM | Train: [ 7/100] Step 200/390 Loss 1.456 Prec@(1,5) (46.2%, 92.2%)
10/15 07:26:41 PM | Train: [ 7/100] Step 250/390 Loss 1.449 Prec@(1,5) (46.4%, 92.2%)
10/15 07:27:24 PM | Train: [ 7/100] Step 300/390 Loss 1.445 Prec@(1,5) (46.7%, 92.4%)
10/15 07:28:07 PM | Train: [ 7/100] Step 350/390 Loss 1.443 Prec@(1,5) (46.9%, 92.3%)
10/15 07:28:41 PM | Train: [ 7/100] Step 390/390 Loss 1.442 Prec@(1,5) (46.9%, 92.5%)
10/15 07:28:42 PM | Train: [ 7/100] Final Prec@1 46.9160%
10/15 07:28:42 PM | Valid: [ 7/100] Step 000/390 Loss 1.603 Prec@(1,5) (40.6%, 89.1%)
10/15 07:28:47 PM | Valid: [ 7/100] Step 050/390 Loss 1.612 Prec@(1,5) (41.0%, 88.5%)
10/15 07:28:53 PM | Valid: [ 7/100] Step 100/390 Loss 1.614 Prec@(1,5) (40.4%, 88.8%)
10/15 07:28:58 PM | Valid: [ 7/100] Step 150/390 Loss 1.611 Prec@(1,5) (40.8%, 88.8%)
10/15 07:29:04 PM | Valid: [ 7/100] Step 200/390 Loss 1.610 Prec@(1,5) (40.9%, 88.9%)
10/15 07:29:09 PM | Valid: [ 7/100] Step 250/390 Loss 1.611 Prec@(1,5) (40.5%, 89.1%)
10/15 07:29:15 PM | Valid: [ 7/100] Step 300/390 Loss 1.611 Prec@(1,5) (40.5%, 89.1%)
10/15 07:29:20 PM | Valid: [ 7/100] Step 350/390 Loss 1.611 Prec@(1,5) (40.5%, 89.2%)
10/15 07:29:25 PM | Valid: [ 7/100] Step 390/390 Loss 1.610 Prec@(1,5) (40.7%, 89.2%)
10/15 07:29:25 PM | Valid: [ 7/100] Final Prec@1 40.6760%
10/15 07:29:25 PM | genotype = Genotype(normal=[[('skip_connect', 0), ('sep_conv_5x5', 1)], [('skip_connect', 0), ('sep_conv_5x5', 2)], [('max_pool_3x3', 0), ('sep_conv_5x5', 1)], [('max_pool_3x3', 0), ('sep_conv_5x5', 1)]], normal_concat=range(2, 6), reduce=[[('max_pool_3x3', 0), ('sep_conv_5x5', 1)], [('max_pool_3x3', 0), ('max_pool_3x3', 1)], [('max_pool_3x3', 0), ('max_pool_3x3', 1)], [('max_pool_3x3', 0), ('max_pool_3x3', 1)]], reduce_concat=range(2, 6))
####### ALPHA #######
# Alpha - normal
tensor([[0.1365, 0.1133, 0.1455, 0.1201, 0.1182, 0.1244, 0.1202, 0.1219],
        [0.1139, 0.1045, 0.1214, 0.1253, 0.1294, 0.1144, 0.1116, 0.1796]],
       device='cuda:3', grad_fn=<SoftmaxBackward>)
tensor([[0.1443, 0.1098, 0.1466, 0.1405, 0.1145, 0.1044, 0.1202, 0.1198],
        [0.1165, 0.1027, 0.1186, 0.1118, 0.1134, 0.1144, 0.1152, 0.2073],
        [0.0797, 0.0811, 0.1127, 0.1057, 0.1161, 0.1161, 0.1052, 0.2834]],
       device='cuda:3', grad_fn=<SoftmaxBackward>)
tensor([[0.1516, 0.1158, 0.1486, 0.1090, 0.1248, 0.1125, 0.1112, 0.1266],
        [0.1200, 0.1043, 0.1181, 0.1114, 0.1253, 0.1116, 0.1210, 0.1883],
        [0.0928, 0.0842, 0.0993, 0.1000, 0.1106, 0.1104, 0.1113, 0.2914],
        [0.0853, 0.0815, 0.0933, 0.1055, 0.1141, 0.1068, 0.1052, 0.3083]],
       device='cuda:3', grad_fn=<SoftmaxBackward>)
tensor([[0.1491, 0.1173, 0.1447, 0.1404, 0.1159, 0.1033, 0.1022, 0.1271],
        [0.1209, 0.1036, 0.1264, 0.1140, 0.1297, 0.1036, 0.1138, 0.1879],
        [0.0906, 0.0891, 0.1127, 0.1086, 0.1061, 0.1067, 0.1040, 0.2822],
        [0.0897, 0.0860, 0.1035, 0.1026, 0.1102, 0.0974, 0.1045, 0.3061],
        [0.0858, 0.0845, 0.0989, 0.1149, 0.1132, 0.1032, 0.0964, 0.3031]],
       device='cuda:3', grad_fn=<SoftmaxBackward>)

# Alpha - reduce
tensor([[0.1431, 0.1348, 0.1351, 0.1217, 0.1343, 0.1178, 0.1162, 0.0970],
        [0.1248, 0.1179, 0.1166, 0.1239, 0.1306, 0.1158, 0.1215, 0.1489]],
       device='cuda:3', grad_fn=<SoftmaxBackward>)
tensor([[0.1691, 0.1320, 0.1268, 0.1270, 0.1206, 0.1172, 0.1201, 0.0874],
        [0.1346, 0.1264, 0.1164, 0.1270, 0.1225, 0.1165, 0.1247, 0.1318],
        [0.1127, 0.1033, 0.1266, 0.1159, 0.1295, 0.1154, 0.1237, 0.1729]],
       device='cuda:3', grad_fn=<SoftmaxBackward>)
tensor([[0.1604, 0.1374, 0.1292, 0.1196, 0.1356, 0.1134, 0.1220, 0.0825],
        [0.1414, 0.1232, 0.1234, 0.1205, 0.1189, 0.1193, 0.1162, 0.1371],
        [0.1145, 0.1055, 0.1232, 0.1175, 0.1263, 0.1183, 0.1212, 0.1735],
        [0.1067, 0.1092, 0.1182, 0.1190, 0.1304, 0.1154, 0.1205, 0.1807]],
       device='cuda:3', grad_fn=<SoftmaxBackward>)
tensor([[0.1656, 0.1420, 0.1139, 0.1291, 0.1243, 0.1206, 0.1156, 0.0890],
        [0.1532, 0.1321, 0.1152, 0.1158, 0.1237, 0.1128, 0.1248, 0.1224],
        [0.1155, 0.1108, 0.1389, 0.1196, 0.1126, 0.1177, 0.1336, 0.1512],
        [0.1116, 0.1080, 0.1314, 0.1249, 0.1198, 0.1186, 0.1225, 0.1632],
        [0.1122, 0.1079, 0.1279, 0.1071, 0.1271, 0.1196, 0.1272, 0.1711]],
       device='cuda:3', grad_fn=<SoftmaxBackward>)
#####################

10/15 07:29:26 PM | Train: [ 8/100] Step 000/390 Loss 1.626 Prec@(1,5) (42.2%, 87.5%)
10/15 07:30:10 PM | Train: [ 8/100] Step 050/390 Loss 1.418 Prec@(1,5) (48.2%, 92.8%)
10/15 07:30:53 PM | Train: [ 8/100] Step 100/390 Loss 1.408 Prec@(1,5) (48.7%, 93.1%)
10/15 07:31:36 PM | Train: [ 8/100] Step 150/390 Loss 1.388 Prec@(1,5) (49.1%, 93.4%)
10/15 07:32:20 PM | Train: [ 8/100] Step 200/390 Loss 1.385 Prec@(1,5) (49.1%, 93.5%)
10/15 07:33:03 PM | Train: [ 8/100] Step 250/390 Loss 1.390 Prec@(1,5) (48.7%, 93.4%)
10/15 07:33:47 PM | Train: [ 8/100] Step 300/390 Loss 1.383 Prec@(1,5) (49.0%, 93.5%)
10/15 07:34:30 PM | Train: [ 8/100] Step 350/390 Loss 1.376 Prec@(1,5) (49.2%, 93.5%)
10/15 07:35:04 PM | Train: [ 8/100] Step 390/390 Loss 1.369 Prec@(1,5) (49.5%, 93.6%)
10/15 07:35:04 PM | Train: [ 8/100] Final Prec@1 49.5400%
10/15 07:35:05 PM | Valid: [ 8/100] Step 000/390 Loss 1.569 Prec@(1,5) (40.6%, 95.3%)
10/15 07:35:10 PM | Valid: [ 8/100] Step 050/390 Loss 1.692 Prec@(1,5) (37.7%, 89.1%)
10/15 07:35:14 PM | Valid: [ 8/100] Step 100/390 Loss 1.677 Prec@(1,5) (38.0%, 89.0%)
10/15 07:35:19 PM | Valid: [ 8/100] Step 150/390 Loss 1.675 Prec@(1,5) (38.2%, 88.9%)
10/15 07:35:24 PM | Valid: [ 8/100] Step 200/390 Loss 1.672 Prec@(1,5) (38.5%, 88.8%)
10/15 07:35:28 PM | Valid: [ 8/100] Step 250/390 Loss 1.667 Prec@(1,5) (38.9%, 88.9%)
10/15 07:35:33 PM | Valid: [ 8/100] Step 300/390 Loss 1.666 Prec@(1,5) (38.9%, 88.9%)
10/15 07:35:38 PM | Valid: [ 8/100] Step 350/390 Loss 1.661 Prec@(1,5) (39.0%, 89.0%)
10/15 07:35:41 PM | Valid: [ 8/100] Step 390/390 Loss 1.662 Prec@(1,5) (38.9%, 89.1%)
10/15 07:35:41 PM | Valid: [ 8/100] Final Prec@1 38.9040%
10/15 07:35:41 PM | genotype = Genotype(normal=[[('skip_connect', 0), ('sep_conv_5x5', 1)], [('skip_connect', 0), ('skip_connect', 1)], [('max_pool_3x3', 0), ('sep_conv_5x5', 1)], [('max_pool_3x3', 0), ('sep_conv_5x5', 1)]], normal_concat=range(2, 6), reduce=[[('max_pool_3x3', 0), ('sep_conv_5x5', 1)], [('max_pool_3x3', 0), ('max_pool_3x3', 1)], [('max_pool_3x3', 0), ('max_pool_3x3', 1)], [('max_pool_3x3', 0), ('max_pool_3x3', 1)]], reduce_concat=range(2, 6))
####### ALPHA #######
# Alpha - normal
tensor([[0.1351, 0.1110, 0.1504, 0.1229, 0.1170, 0.1224, 0.1208, 0.1205],
        [0.1139, 0.1021, 0.1237, 0.1247, 0.1325, 0.1095, 0.1144, 0.1793]],
       device='cuda:3', grad_fn=<SoftmaxBackward>)
tensor([[0.1458, 0.1090, 0.1499, 0.1439, 0.1159, 0.1011, 0.1171, 0.1173],
        [0.1156, 0.1010, 0.1214, 0.1083, 0.1135, 0.1118, 0.1159, 0.2125],
        [0.0787, 0.0765, 0.1110, 0.1004, 0.1113, 0.1130, 0.1011, 0.3081]],
       device='cuda:3', grad_fn=<SoftmaxBackward>)
tensor([[0.1591, 0.1160, 0.1490, 0.1110, 0.1239, 0.1137, 0.1053, 0.1220],
        [0.1195, 0.1039, 0.1215, 0.1072, 0.1276, 0.1099, 0.1146, 0.1958],
        [0.0889, 0.0815, 0.1020, 0.0948, 0.1062, 0.1038, 0.1066, 0.3163],
        [0.0827, 0.0802, 0.0947, 0.1000, 0.1070, 0.1027, 0.1029, 0.3298]],
       device='cuda:3', grad_fn=<SoftmaxBackward>)
tensor([[0.1534, 0.1147, 0.1414, 0.1459, 0.1154, 0.1001, 0.0996, 0.1296],
        [0.1223, 0.1027, 0.1232, 0.1139, 0.1313, 0.1044, 0.1118, 0.1905],
        [0.0891, 0.0876, 0.1100, 0.1051, 0.1016, 0.1019, 0.1069, 0.2977],
        [0.0872, 0.0836, 0.1046, 0.0973, 0.1042, 0.0961, 0.1032, 0.3238],
        [0.0845, 0.0814, 0.0963, 0.1091, 0.1101, 0.0977, 0.0948, 0.3262]],
       device='cuda:3', grad_fn=<SoftmaxBackward>)

# Alpha - reduce
