10/11 06:32:22 PM | 
10/11 06:32:22 PM | Parameters:
10/11 06:32:22 PM | ALPHA_LR=0.0003
10/11 06:32:22 PM | ALPHA_WEIGHT_DECAY=0.001
10/11 06:32:22 PM | BATCH_SIZE=64
10/11 06:32:22 PM | DATA_PATH=./data/
10/11 06:32:22 PM | DATASET=cifar10
10/11 06:32:22 PM | EPOCHS=100
10/11 06:32:22 PM | GPUS=[0]
10/11 06:32:22 PM | HV_TYPE=0
10/11 06:32:22 PM | INIT_CHANNELS=16
10/11 06:32:22 PM | LAYERS=8
10/11 06:32:22 PM | MULTI_AVG_RANK=0
10/11 06:32:22 PM | MULTI_AVG_SIZE=0
10/11 06:32:22 PM | N_NODES=4
10/11 06:32:22 PM | NAME=cifar10
10/11 06:32:22 PM | OPS_SET=3
10/11 06:32:22 PM | PATH=searchs/cifar10
10/11 06:32:22 PM | PLOT_PATH=searchs/cifar10/plots
10/11 06:32:22 PM | PRINT_FREQ=50
10/11 06:32:22 PM | PROXYLESS=True
10/11 06:32:22 PM | SBP=False
10/11 06:32:22 PM | SEED=2
10/11 06:32:22 PM | W_GRAD_CLIP=5.0
10/11 06:32:22 PM | W_LR=0.025
10/11 06:32:22 PM | W_LR_MIN=0.001
10/11 06:32:22 PM | W_MOMENTUM=0.9
10/11 06:32:22 PM | W_WEIGHT_DECAY=0.0003
10/11 06:32:22 PM | WORKERS=4
10/11 06:32:22 PM | 
10/11 06:32:22 PM | Logger is set - training start
####### ALPHA #######
# Alpha - normal
tensor([[0.1429, 0.1428, 0.1428, 0.1427, 0.1430, 0.1428, 0.1429],
        [0.1430, 0.1428, 0.1427, 0.1431, 0.1430, 0.1427, 0.1427]],
       device='cuda:0', grad_fn=<SoftmaxBackward>)
tensor([[0.1430, 0.1426, 0.1428, 0.1432, 0.1427, 0.1429, 0.1427],
        [0.1428, 0.1429, 0.1428, 0.1428, 0.1429, 0.1429, 0.1428],
        [0.1428, 0.1427, 0.1431, 0.1430, 0.1428, 0.1430, 0.1426]],
       device='cuda:0', grad_fn=<SoftmaxBackward>)
tensor([[0.1430, 0.1427, 0.1430, 0.1428, 0.1430, 0.1429, 0.1427],
        [0.1429, 0.1428, 0.1429, 0.1429, 0.1429, 0.1430, 0.1426],
        [0.1428, 0.1430, 0.1428, 0.1428, 0.1429, 0.1426, 0.1431],
        [0.1428, 0.1429, 0.1430, 0.1430, 0.1428, 0.1426, 0.1429]],
       device='cuda:0', grad_fn=<SoftmaxBackward>)
tensor([[0.1429, 0.1432, 0.1429, 0.1429, 0.1426, 0.1427, 0.1428],
        [0.1428, 0.1431, 0.1428, 0.1427, 0.1430, 0.1429, 0.1427],
        [0.1427, 0.1428, 0.1429, 0.1430, 0.1429, 0.1428, 0.1428],
        [0.1430, 0.1429, 0.1426, 0.1430, 0.1430, 0.1427, 0.1428],
        [0.1428, 0.1427, 0.1429, 0.1427, 0.1431, 0.1430, 0.1427]],
       device='cuda:0', grad_fn=<SoftmaxBackward>)

# Alpha - reduce
tensor([[0.1429, 0.1427, 0.1430, 0.1428, 0.1429, 0.1428, 0.1429],
        [0.1427, 0.1430, 0.1427, 0.1428, 0.1430, 0.1429, 0.1429]],
       device='cuda:0', grad_fn=<SoftmaxBackward>)
tensor([[0.1427, 0.1431, 0.1428, 0.1428, 0.1428, 0.1429, 0.1429],
        [0.1428, 0.1429, 0.1427, 0.1429, 0.1430, 0.1429, 0.1428],
        [0.1427, 0.1427, 0.1431, 0.1430, 0.1426, 0.1429, 0.1429]],
       device='cuda:0', grad_fn=<SoftmaxBackward>)
tensor([[0.1429, 0.1428, 0.1429, 0.1429, 0.1428, 0.1428, 0.1430],
        [0.1428, 0.1428, 0.1427, 0.1429, 0.1430, 0.1429, 0.1428],
        [0.1427, 0.1429, 0.1430, 0.1428, 0.1427, 0.1428, 0.1430],
        [0.1428, 0.1428, 0.1431, 0.1430, 0.1427, 0.1427, 0.1429]],
       device='cuda:0', grad_fn=<SoftmaxBackward>)
tensor([[0.1427, 0.1427, 0.1430, 0.1429, 0.1428, 0.1429, 0.1430],
        [0.1429, 0.1430, 0.1429, 0.1426, 0.1427, 0.1429, 0.1429],
        [0.1429, 0.1427, 0.1428, 0.1430, 0.1430, 0.1429, 0.1427],
        [0.1430, 0.1428, 0.1429, 0.1429, 0.1427, 0.1428, 0.1429],
        [0.1425, 0.1432, 0.1428, 0.1430, 0.1431, 0.1426, 0.1428]],
       device='cuda:0', grad_fn=<SoftmaxBackward>)
#####################
Files already downloaded and verified
10/11 06:32:28 PM | Train: [ 1/100] Step 000/390 Loss 2.329 Prec@(1,5) (10.9%, 54.7%)
10/11 06:33:11 PM | Train: [ 1/100] Step 050/390 Loss 2.340 Prec@(1,5) (12.0%, 56.5%)
10/11 06:33:54 PM | Train: [ 1/100] Step 100/390 Loss 2.323 Prec@(1,5) (13.4%, 60.0%)
10/11 06:34:36 PM | Train: [ 1/100] Step 150/390 Loss 2.286 Prec@(1,5) (15.5%, 63.9%)
10/11 06:35:17 PM | Train: [ 1/100] Step 200/390 Loss 2.255 Prec@(1,5) (16.8%, 66.7%)
10/11 06:35:59 PM | Train: [ 1/100] Step 250/390 Loss 2.245 Prec@(1,5) (17.6%, 68.5%)
10/11 06:36:41 PM | Train: [ 1/100] Step 300/390 Loss 2.237 Prec@(1,5) (18.2%, 69.8%)
10/11 06:37:22 PM | Train: [ 1/100] Step 350/390 Loss 2.220 Prec@(1,5) (18.8%, 70.9%)
10/11 06:37:59 PM | Train: [ 1/100] Step 390/390 Loss 2.206 Prec@(1,5) (19.2%, 72.0%)
10/11 06:37:59 PM | Train: [ 1/100] Final Prec@1 19.2000%
10/11 06:37:59 PM | Valid: [ 1/100] Step 000/390 Loss 2.091 Prec@(1,5) (23.4%, 78.1%)
10/11 06:38:05 PM | Valid: [ 1/100] Step 050/390 Loss 2.046 Prec@(1,5) (22.3%, 76.0%)
10/11 06:38:11 PM | Valid: [ 1/100] Step 100/390 Loss 2.037 Prec@(1,5) (23.3%, 76.9%)
10/11 06:38:17 PM | Valid: [ 1/100] Step 150/390 Loss 2.038 Prec@(1,5) (23.6%, 77.0%)
10/11 06:38:22 PM | Valid: [ 1/100] Step 200/390 Loss 2.037 Prec@(1,5) (23.7%, 77.0%)
10/11 06:38:28 PM | Valid: [ 1/100] Step 250/390 Loss 2.037 Prec@(1,5) (23.6%, 76.9%)
10/11 06:38:33 PM | Valid: [ 1/100] Step 300/390 Loss 2.035 Prec@(1,5) (23.6%, 77.1%)
10/11 06:38:38 PM | Valid: [ 1/100] Step 350/390 Loss 2.035 Prec@(1,5) (23.5%, 77.0%)
10/11 06:38:43 PM | Valid: [ 1/100] Step 390/390 Loss 2.034 Prec@(1,5) (23.7%, 77.1%)
10/11 06:38:43 PM | Valid: [ 1/100] Final Prec@1 23.6640%
10/11 06:38:43 PM | genotype = Genotype(normal=[[('dil_conv_3x3', 0), ('sep_conv_5x5', 1)], [('sep_conv_3x3', 0), ('sep_conv_3x3', 2)], [('sep_conv_5x5', 2), ('sep_conv_3x3', 0)], [('dil_conv_3x3', 4), ('sep_conv_3x3', 2)]], normal_concat=range(2, 6), reduce=[[('sep_conv_3x3', 1), ('sep_conv_5x5', 0)], [('avg_pool_3x3', 1), ('max_pool_3x3', 0)], [('sep_conv_5x5', 3), ('max_pool_3x3', 0)], [('dil_conv_5x5', 4), ('dil_conv_3x3', 3)]], reduce_concat=range(2, 6))
####### ALPHA #######
# Alpha - normal
tensor([[0.1422, 0.1418, 0.1433, 0.1426, 0.1446, 0.1437, 0.1418],
        [0.1420, 0.1402, 0.1438, 0.1439, 0.1433, 0.1432, 0.1436]],
       device='cuda:0', grad_fn=<SoftmaxBackward>)
tensor([[0.1433, 0.1413, 0.1446, 0.1431, 0.1424, 0.1429, 0.1425],
        [0.1415, 0.1411, 0.1427, 0.1438, 0.1432, 0.1437, 0.1441],
        [0.1406, 0.1401, 0.1440, 0.1437, 0.1440, 0.1431, 0.1445]],
       device='cuda:0', grad_fn=<SoftmaxBackward>)
tensor([[0.1428, 0.1401, 0.1451, 0.1440, 0.1427, 0.1435, 0.1419],
        [0.1420, 0.1392, 0.1447, 0.1442, 0.1428, 0.1423, 0.1448],
        [0.1394, 0.1396, 0.1434, 0.1461, 0.1438, 0.1420, 0.1456],
        [0.1393, 0.1392, 0.1444, 0.1435, 0.1440, 0.1443, 0.1454]],
       device='cuda:0', grad_fn=<SoftmaxBackward>)
tensor([[0.1404, 0.1399, 0.1422, 0.1436, 0.1449, 0.1451, 0.1439],
        [0.1419, 0.1386, 0.1437, 0.1433, 0.1450, 0.1427, 0.1447],
        [0.1402, 0.1392, 0.1451, 0.1441, 0.1438, 0.1427, 0.1449],
        [0.1408, 0.1403, 0.1445, 0.1442, 0.1437, 0.1425, 0.1440],
        [0.1396, 0.1383, 0.1415, 0.1448, 0.1454, 0.1440, 0.1464]],
       device='cuda:0', grad_fn=<SoftmaxBackward>)

# Alpha - reduce
tensor([[0.1410, 0.1434, 0.1431, 0.1439, 0.1434, 0.1429, 0.1423],
        [0.1417, 0.1424, 0.1450, 0.1431, 0.1424, 0.1426, 0.1428]],
       device='cuda:0', grad_fn=<SoftmaxBackward>)
tensor([[0.1443, 0.1438, 0.1434, 0.1415, 0.1427, 0.1428, 0.1415],
        [0.1428, 0.1448, 0.1412, 0.1428, 0.1422, 0.1418, 0.1444],
        [0.1429, 0.1443, 0.1415, 0.1423, 0.1433, 0.1425, 0.1433]],
       device='cuda:0', grad_fn=<SoftmaxBackward>)
tensor([[0.1443, 0.1433, 0.1436, 0.1415, 0.1429, 0.1435, 0.1409],
        [0.1426, 0.1433, 0.1425, 0.1433, 0.1428, 0.1433, 0.1421],
        [0.1427, 0.1431, 0.1430, 0.1420, 0.1432, 0.1432, 0.1429],
        [0.1423, 0.1412, 0.1422, 0.1447, 0.1428, 0.1442, 0.1427]],
       device='cuda:0', grad_fn=<SoftmaxBackward>)
tensor([[0.1432, 0.1441, 0.1438, 0.1427, 0.1406, 0.1427, 0.1428],
        [0.1427, 0.1427, 0.1430, 0.1425, 0.1427, 0.1422, 0.1442],
        [0.1413, 0.1415, 0.1429, 0.1441, 0.1434, 0.1432, 0.1436],
        [0.1420, 0.1416, 0.1434, 0.1430, 0.1442, 0.1418, 0.1440],
        [0.1405, 0.1423, 0.1439, 0.1425, 0.1420, 0.1449, 0.1439]],
       device='cuda:0', grad_fn=<SoftmaxBackward>)
#####################

10/11 06:38:45 PM | Train: [ 2/100] Step 000/390 Loss 1.812 Prec@(1,5) (32.8%, 85.9%)
10/11 06:39:28 PM | Train: [ 2/100] Step 050/390 Loss 2.087 Prec@(1,5) (23.8%, 79.1%)
10/11 06:40:09 PM | Train: [ 2/100] Step 100/390 Loss 2.058 Prec@(1,5) (24.1%, 79.4%)
10/11 06:40:44 PM | Train: [ 2/100] Step 150/390 Loss 2.041 Prec@(1,5) (24.5%, 80.1%)
10/11 06:41:19 PM | Train: [ 2/100] Step 200/390 Loss 2.019 Prec@(1,5) (25.0%, 80.9%)
10/11 06:41:55 PM | Train: [ 2/100] Step 250/390 Loss 2.004 Prec@(1,5) (25.5%, 81.2%)
10/11 06:42:39 PM | Train: [ 2/100] Step 300/390 Loss 1.997 Prec@(1,5) (25.7%, 81.5%)
10/11 06:43:22 PM | Train: [ 2/100] Step 350/390 Loss 1.985 Prec@(1,5) (26.1%, 81.7%)
10/11 06:43:57 PM | Train: [ 2/100] Step 390/390 Loss 1.968 Prec@(1,5) (26.7%, 82.0%)
10/11 06:43:57 PM | Train: [ 2/100] Final Prec@1 26.6880%
10/11 06:43:58 PM | Valid: [ 2/100] Step 000/390 Loss 2.189 Prec@(1,5) (23.4%, 81.2%)
10/11 06:44:03 PM | Valid: [ 2/100] Step 050/390 Loss 2.037 Prec@(1,5) (26.4%, 81.2%)
10/11 06:44:08 PM | Valid: [ 2/100] Step 100/390 Loss 2.031 Prec@(1,5) (26.8%, 81.5%)
10/11 06:44:14 PM | Valid: [ 2/100] Step 150/390 Loss 2.039 Prec@(1,5) (26.8%, 81.2%)
10/11 06:44:19 PM | Valid: [ 2/100] Step 200/390 Loss 2.033 Prec@(1,5) (26.9%, 81.3%)
10/11 06:44:24 PM | Valid: [ 2/100] Step 250/390 Loss 2.031 Prec@(1,5) (26.8%, 81.3%)
10/11 06:44:29 PM | Valid: [ 2/100] Step 300/390 Loss 2.027 Prec@(1,5) (26.9%, 81.5%)
10/11 06:44:35 PM | Valid: [ 2/100] Step 350/390 Loss 2.026 Prec@(1,5) (26.9%, 81.7%)
10/11 06:44:39 PM | Valid: [ 2/100] Step 390/390 Loss 2.024 Prec@(1,5) (26.8%, 81.8%)
10/11 06:44:39 PM | Valid: [ 2/100] Final Prec@1 26.8200%
10/11 06:44:39 PM | genotype = Genotype(normal=[[('dil_conv_3x3', 0), ('sep_conv_5x5', 1)], [('sep_conv_3x3', 0), ('dil_conv_3x3', 2)], [('dil_conv_3x3', 2), ('sep_conv_3x3', 0)], [('sep_conv_5x5', 4), ('sep_conv_3x3', 2)]], normal_concat=range(2, 6), reduce=[[('sep_conv_3x3', 1), ('sep_conv_5x5', 0)], [('avg_pool_3x3', 1), ('max_pool_3x3', 0)], [('max_pool_3x3', 0), ('sep_conv_5x5', 1)], [('sep_conv_5x5', 2), ('dil_conv_5x5', 4)]], reduce_concat=range(2, 6))
####### ALPHA #######
# Alpha - normal
tensor([[0.1419, 0.1400, 0.1432, 0.1410, 0.1463, 0.1458, 0.1418],
        [0.1415, 0.1393, 0.1442, 0.1446, 0.1434, 0.1425, 0.1445]],
       device='cuda:0', grad_fn=<SoftmaxBackward>)
tensor([[0.1434, 0.1392, 0.1446, 0.1428, 0.1435, 0.1435, 0.1429],
        [0.1412, 0.1397, 0.1435, 0.1437, 0.1435, 0.1441, 0.1444],
        [0.1397, 0.1372, 0.1442, 0.1439, 0.1444, 0.1438, 0.1468]],
       device='cuda:0', grad_fn=<SoftmaxBackward>)
tensor([[0.1421, 0.1384, 0.1457, 0.1452, 0.1429, 0.1441, 0.1415],
        [0.1417, 0.1373, 0.1451, 0.1451, 0.1425, 0.1424, 0.1459],
        [0.1385, 0.1369, 0.1422, 0.1455, 0.1459, 0.1440, 0.1471],
        [0.1383, 0.1369, 0.1437, 0.1440, 0.1446, 0.1438, 0.1486]],
       device='cuda:0', grad_fn=<SoftmaxBackward>)
tensor([[0.1405, 0.1387, 0.1428, 0.1435, 0.1452, 0.1454, 0.1439],
        [0.1415, 0.1384, 0.1424, 0.1435, 0.1452, 0.1432, 0.1457],
        [0.1378, 0.1374, 0.1461, 0.1438, 0.1446, 0.1422, 0.1481],
        [0.1388, 0.1386, 0.1437, 0.1438, 0.1430, 0.1452, 0.1470],
        [0.1379, 0.1360, 0.1416, 0.1468, 0.1457, 0.1436, 0.1484]],
       device='cuda:0', grad_fn=<SoftmaxBackward>)

# Alpha - reduce
tensor([[0.1406, 0.1446, 0.1432, 0.1448, 0.1426, 0.1428, 0.1415],
        [0.1408, 0.1414, 0.1464, 0.1434, 0.1430, 0.1422, 0.1428]],
       device='cuda:0', grad_fn=<SoftmaxBackward>)
tensor([[0.1449, 0.1438, 0.1436, 0.1417, 0.1420, 0.1426, 0.1414],
        [0.1431, 0.1459, 0.1406, 0.1429, 0.1427, 0.1407, 0.1440],
        [0.1423, 0.1438, 0.1409, 0.1425, 0.1438, 0.1426, 0.1442]],
       device='cuda:0', grad_fn=<SoftmaxBackward>)
tensor([[0.1468, 0.1423, 0.1427, 0.1412, 0.1434, 0.1433, 0.1404],
        [0.1427, 0.1432, 0.1418, 0.1453, 0.1433, 0.1420, 0.1417],
        [0.1415, 0.1425, 0.1426, 0.1425, 0.1445, 0.1426, 0.1437],
        [0.1412, 0.1412, 0.1441, 0.1453, 0.1421, 0.1439, 0.1423]],
       device='cuda:0', grad_fn=<SoftmaxBackward>)
tensor([[0.1435, 0.1442, 0.1441, 0.1423, 0.1407, 0.1427, 0.1425],
        [0.1423, 0.1438, 0.1425, 0.1427, 0.1431, 0.1417, 0.1438],
        [0.1400, 0.1415, 0.1425, 0.1458, 0.1431, 0.1429, 0.1443],
        [0.1422, 0.1411, 0.1439, 0.1423, 0.1437, 0.1418, 0.1450],
        [0.1395, 0.1417, 0.1439, 0.1431, 0.1425, 0.1448, 0.1446]],
       device='cuda:0', grad_fn=<SoftmaxBackward>)
#####################

10/11 06:44:41 PM | Train: [ 3/100] Step 000/390 Loss 1.939 Prec@(1,5) (20.3%, 79.7%)
10/11 06:45:25 PM | Train: [ 3/100] Step 050/390 Loss 1.873 Prec@(1,5) (29.5%, 84.2%)
10/11 06:46:08 PM | Train: [ 3/100] Step 100/390 Loss 1.862 Prec@(1,5) (29.9%, 85.3%)
10/11 06:46:52 PM | Train: [ 3/100] Step 150/390 Loss 1.852 Prec@(1,5) (30.0%, 85.6%)
10/11 06:47:35 PM | Train: [ 3/100] Step 200/390 Loss 1.838 Prec@(1,5) (30.6%, 85.7%)
10/11 06:48:18 PM | Train: [ 3/100] Step 250/390 Loss 1.831 Prec@(1,5) (30.6%, 85.8%)
10/11 06:49:00 PM | Train: [ 3/100] Step 300/390 Loss 1.823 Prec@(1,5) (31.0%, 85.7%)
10/11 06:49:42 PM | Train: [ 3/100] Step 350/390 Loss 1.815 Prec@(1,5) (31.4%, 85.9%)
10/11 06:50:16 PM | Train: [ 3/100] Step 390/390 Loss 1.810 Prec@(1,5) (31.6%, 86.0%)
10/11 06:50:16 PM | Train: [ 3/100] Final Prec@1 31.6240%
10/11 06:50:16 PM | Valid: [ 3/100] Step 000/390 Loss 1.816 Prec@(1,5) (21.9%, 90.6%)
10/11 06:50:22 PM | Valid: [ 3/100] Step 050/390 Loss 1.730 Prec@(1,5) (33.9%, 88.1%)
10/11 06:50:28 PM | Valid: [ 3/100] Step 100/390 Loss 1.746 Prec@(1,5) (33.2%, 87.5%)
10/11 06:50:33 PM | Valid: [ 3/100] Step 150/390 Loss 1.745 Prec@(1,5) (32.8%, 87.5%)
10/11 06:50:39 PM | Valid: [ 3/100] Step 200/390 Loss 1.748 Prec@(1,5) (32.9%, 87.5%)
10/11 06:50:45 PM | Valid: [ 3/100] Step 250/390 Loss 1.749 Prec@(1,5) (32.5%, 87.6%)
10/11 06:50:51 PM | Valid: [ 3/100] Step 300/390 Loss 1.753 Prec@(1,5) (32.5%, 87.5%)
10/11 06:50:56 PM | Valid: [ 3/100] Step 350/390 Loss 1.750 Prec@(1,5) (32.4%, 87.5%)
10/11 06:51:01 PM | Valid: [ 3/100] Step 390/390 Loss 1.752 Prec@(1,5) (32.5%, 87.5%)
10/11 06:51:01 PM | Valid: [ 3/100] Final Prec@1 32.5080%
10/11 06:51:01 PM | genotype = Genotype(normal=[[('dil_conv_3x3', 0), ('sep_conv_5x5', 1)], [('dil_conv_3x3', 2), ('sep_conv_3x3', 0)], [('sep_conv_3x3', 1), ('sep_conv_3x3', 0)], [('sep_conv_5x5', 4), ('dil_conv_5x5', 3)]], normal_concat=range(2, 6), reduce=[[('sep_conv_3x3', 1), ('avg_pool_3x3', 0)], [('max_pool_3x3', 0), ('avg_pool_3x3', 1)], [('max_pool_3x3', 0), ('sep_conv_5x5', 3)], [('dil_conv_5x5', 4), ('sep_conv_5x5', 2)]], reduce_concat=range(2, 6))
####### ALPHA #######
# Alpha - normal
tensor([[0.1413, 0.1386, 0.1434, 0.1415, 0.1487, 0.1461, 0.1405],
        [0.1409, 0.1394, 0.1442, 0.1450, 0.1432, 0.1419, 0.1453]],
       device='cuda:0', grad_fn=<SoftmaxBackward>)
tensor([[0.1444, 0.1384, 0.1453, 0.1426, 0.1440, 0.1446, 0.1405],
        [0.1417, 0.1388, 0.1441, 0.1438, 0.1429, 0.1449, 0.1437],
        [0.1376, 0.1355, 0.1439, 0.1440, 0.1464, 0.1441, 0.1485]],
       device='cuda:0', grad_fn=<SoftmaxBackward>)
tensor([[0.1425, 0.1370, 0.1463, 0.1455, 0.1429, 0.1448, 0.1410],
        [0.1410, 0.1364, 0.1467, 0.1452, 0.1426, 0.1420, 0.1461],
        [0.1364, 0.1350, 0.1436, 0.1455, 0.1455, 0.1446, 0.1494],
        [0.1358, 0.1343, 0.1438, 0.1454, 0.1450, 0.1443, 0.1514]],
       device='cuda:0', grad_fn=<SoftmaxBackward>)
tensor([[0.1402, 0.1384, 0.1430, 0.1442, 0.1448, 0.1459, 0.1435],
        [0.1417, 0.1384, 0.1428, 0.1437, 0.1448, 0.1431, 0.1455],
        [0.1366, 0.1366, 0.1445, 0.1446, 0.1443, 0.1430, 0.1503],
        [0.1359, 0.1372, 0.1438, 0.1444, 0.1431, 0.1463, 0.1493],
        [0.1359, 0.1337, 0.1413, 0.1479, 0.1465, 0.1440, 0.1507]],
       device='cuda:0', grad_fn=<SoftmaxBackward>)

# Alpha - reduce
tensor([[0.1407, 0.1451, 0.1443, 0.1446, 0.1415, 0.1420, 0.1416],
        [0.1411, 0.1413, 0.1466, 0.1437, 0.1423, 0.1437, 0.1413]],
       device='cuda:0', grad_fn=<SoftmaxBackward>)
tensor([[0.1460, 0.1441, 0.1442, 0.1427, 0.1415, 0.1427, 0.1387],
        [0.1439, 0.1453, 0.1413, 0.1423, 0.1429, 0.1412, 0.1431],
        [0.1420, 0.1435, 0.1404, 0.1426, 0.1437, 0.1427, 0.1451]],
       device='cuda:0', grad_fn=<SoftmaxBackward>)
tensor([[0.1490, 0.1434, 0.1421, 0.1407, 0.1439, 0.1428, 0.1382],
        [0.1434, 0.1424, 0.1422, 0.1448, 0.1418, 0.1428, 0.1426],
        [0.1411, 0.1420, 0.1420, 0.1427, 0.1445, 0.1421, 0.1456],
        [0.1402, 0.1414, 0.1429, 0.1456, 0.1413, 0.1449, 0.1437]],
       device='cuda:0', grad_fn=<SoftmaxBackward>)
tensor([[0.1439, 0.1439, 0.1441, 0.1429, 0.1400, 0.1433, 0.1419],
        [0.1423, 0.1444, 0.1418, 0.1430, 0.1426, 0.1424, 0.1435],
        [0.1399, 0.1408, 0.1430, 0.1459, 0.1431, 0.1423, 0.1450],
        [0.1425, 0.1404, 0.1439, 0.1417, 0.1429, 0.1423, 0.1462],
        [0.1389, 0.1405, 0.1438, 0.1434, 0.1428, 0.1462, 0.1443]],
       device='cuda:0', grad_fn=<SoftmaxBackward>)
#####################

10/11 06:51:03 PM | Train: [ 4/100] Step 000/390 Loss 1.768 Prec@(1,5) (32.8%, 85.9%)
10/11 06:51:46 PM | Train: [ 4/100] Step 050/390 Loss 1.795 Prec@(1,5) (32.9%, 86.6%)
10/11 06:52:30 PM | Train: [ 4/100] Step 100/390 Loss 1.767 Prec@(1,5) (34.1%, 87.0%)
10/11 06:53:12 PM | Train: [ 4/100] Step 150/390 Loss 1.751 Prec@(1,5) (34.9%, 87.5%)
10/11 06:53:55 PM | Train: [ 4/100] Step 200/390 Loss 1.736 Prec@(1,5) (35.4%, 87.8%)
10/11 06:54:37 PM | Train: [ 4/100] Step 250/390 Loss 1.726 Prec@(1,5) (35.5%, 88.0%)
10/11 06:55:19 PM | Train: [ 4/100] Step 300/390 Loss 1.721 Prec@(1,5) (35.7%, 88.1%)
10/11 06:56:03 PM | Train: [ 4/100] Step 350/390 Loss 1.713 Prec@(1,5) (36.0%, 88.2%)
10/11 06:56:37 PM | Train: [ 4/100] Step 390/390 Loss 1.711 Prec@(1,5) (36.1%, 88.3%)
10/11 06:56:37 PM | Train: [ 4/100] Final Prec@1 36.1280%
10/11 06:56:37 PM | Valid: [ 4/100] Step 000/390 Loss 1.813 Prec@(1,5) (26.6%, 85.9%)
10/11 06:56:43 PM | Valid: [ 4/100] Step 050/390 Loss 1.784 Prec@(1,5) (32.8%, 86.7%)
10/11 06:56:48 PM | Valid: [ 4/100] Step 100/390 Loss 1.789 Prec@(1,5) (32.7%, 86.2%)
10/11 06:56:53 PM | Valid: [ 4/100] Step 150/390 Loss 1.784 Prec@(1,5) (32.8%, 86.6%)
10/11 06:56:58 PM | Valid: [ 4/100] Step 200/390 Loss 1.785 Prec@(1,5) (32.6%, 86.5%)
10/11 06:57:03 PM | Valid: [ 4/100] Step 250/390 Loss 1.784 Prec@(1,5) (32.6%, 86.8%)
10/11 06:57:09 PM | Valid: [ 4/100] Step 300/390 Loss 1.786 Prec@(1,5) (32.5%, 86.7%)
10/11 06:57:14 PM | Valid: [ 4/100] Step 350/390 Loss 1.787 Prec@(1,5) (32.6%, 86.7%)
10/11 06:57:18 PM | Valid: [ 4/100] Step 390/390 Loss 1.787 Prec@(1,5) (32.5%, 86.7%)
10/11 06:57:18 PM | Valid: [ 4/100] Final Prec@1 32.5320%
10/11 06:57:18 PM | genotype = Genotype(normal=[[('dil_conv_3x3', 0), ('sep_conv_3x3', 1)], [('dil_conv_3x3', 2), ('max_pool_3x3', 0)], [('sep_conv_3x3', 1), ('dil_conv_3x3', 2)], [('sep_conv_5x5', 4), ('dil_conv_5x5', 3)]], normal_concat=range(2, 6), reduce=[[('sep_conv_3x3', 1), ('avg_pool_3x3', 0)], [('max_pool_3x3', 0), ('avg_pool_3x3', 1)], [('max_pool_3x3', 0), ('dil_conv_3x3', 2)], [('dil_conv_5x5', 4), ('sep_conv_5x5', 2)]], reduce_concat=range(2, 6))
####### ALPHA #######
# Alpha - normal
tensor([[0.1422, 0.1388, 0.1440, 0.1412, 0.1485, 0.1463, 0.1389],
        [0.1407, 0.1384, 0.1461, 0.1452, 0.1436, 0.1412, 0.1448]],
       device='cuda:0', grad_fn=<SoftmaxBackward>)
tensor([[0.1458, 0.1374, 0.1455, 0.1441, 0.1440, 0.1448, 0.1383],
        [0.1423, 0.1380, 0.1440, 0.1448, 0.1431, 0.1453, 0.1425],
        [0.1367, 0.1348, 0.1434, 0.1442, 0.1463, 0.1440, 0.1505]],
       device='cuda:0', grad_fn=<SoftmaxBackward>)
tensor([[0.1442, 0.1364, 0.1460, 0.1464, 0.1429, 0.1450, 0.1390],
        [0.1413, 0.1360, 0.1477, 0.1467, 0.1409, 0.1418, 0.1456],
        [0.1343, 0.1339, 0.1431, 0.1459, 0.1467, 0.1452, 0.1509],
        [0.1344, 0.1332, 0.1439, 0.1461, 0.1447, 0.1443, 0.1534]],
       device='cuda:0', grad_fn=<SoftmaxBackward>)
tensor([[0.1416, 0.1382, 0.1430, 0.1445, 0.1449, 0.1462, 0.1416],
        [0.1419, 0.1374, 0.1443, 0.1440, 0.1434, 0.1436, 0.1455],
        [0.1353, 0.1357, 0.1447, 0.1444, 0.1449, 0.1431, 0.1519],
        [0.1349, 0.1360, 0.1451, 0.1440, 0.1420, 0.1475, 0.1506],
        [0.1358, 0.1318, 0.1405, 0.1491, 0.1469, 0.1440, 0.1520]],
       device='cuda:0', grad_fn=<SoftmaxBackward>)

# Alpha - reduce
tensor([[0.1417, 0.1458, 0.1443, 0.1445, 0.1400, 0.1424, 0.1414],
        [0.1414, 0.1415, 0.1480, 0.1432, 0.1425, 0.1437, 0.1396]],
       device='cuda:0', grad_fn=<SoftmaxBackward>)
tensor([[0.1468, 0.1448, 0.1440, 0.1416, 0.1422, 0.1432, 0.1375],
        [0.1444, 0.1460, 0.1414, 0.1425, 0.1419, 0.1413, 0.1425],
        [0.1409, 0.1424, 0.1417, 0.1424, 0.1429, 0.1442, 0.1455]],
       device='cuda:0', grad_fn=<SoftmaxBackward>)
tensor([[0.1504, 0.1453, 0.1420, 0.1396, 0.1439, 0.1415, 0.1373],
        [0.1437, 0.1430, 0.1418, 0.1455, 0.1421, 0.1416, 0.1423],
        [0.1410, 0.1402, 0.1417, 0.1430, 0.1456, 0.1424, 0.1461],
        [0.1411, 0.1411, 0.1426, 0.1454, 0.1410, 0.1448, 0.1440]],
       device='cuda:0', grad_fn=<SoftmaxBackward>)
tensor([[0.1449, 0.1449, 0.1442, 0.1426, 0.1393, 0.1434, 0.1406],
        [0.1435, 0.1458, 0.1406, 0.1424, 0.1428, 0.1427, 0.1422],
        [0.1401, 0.1392, 0.1431, 0.1463, 0.1437, 0.1417, 0.1459],
        [0.1419, 0.1401, 0.1450, 0.1417, 0.1424, 0.1421, 0.1468],
        [0.1387, 0.1401, 0.1431, 0.1434, 0.1436, 0.1467, 0.1445]],
       device='cuda:0', grad_fn=<SoftmaxBackward>)
#####################

10/11 06:57:20 PM | Train: [ 5/100] Step 000/390 Loss 1.242 Prec@(1,5) (54.7%, 96.9%)
10/11 06:58:03 PM | Train: [ 5/100] Step 050/390 Loss 1.646 Prec@(1,5) (39.5%, 89.2%)
10/11 06:58:47 PM | Train: [ 5/100] Step 100/390 Loss 1.651 Prec@(1,5) (39.0%, 89.6%)
10/11 06:59:30 PM | Train: [ 5/100] Step 150/390 Loss 1.654 Prec@(1,5) (38.5%, 89.6%)
10/11 07:00:13 PM | Train: [ 5/100] Step 200/390 Loss 1.643 Prec@(1,5) (38.8%, 89.8%)
10/11 07:00:57 PM | Train: [ 5/100] Step 250/390 Loss 1.642 Prec@(1,5) (38.9%, 89.6%)
10/11 07:01:40 PM | Train: [ 5/100] Step 300/390 Loss 1.635 Prec@(1,5) (39.0%, 89.7%)
10/11 07:02:23 PM | Train: [ 5/100] Step 350/390 Loss 1.629 Prec@(1,5) (39.3%, 89.7%)
10/11 07:02:57 PM | Train: [ 5/100] Step 390/390 Loss 1.626 Prec@(1,5) (39.4%, 89.8%)
10/11 07:02:58 PM | Train: [ 5/100] Final Prec@1 39.4040%
10/11 07:02:58 PM | Valid: [ 5/100] Step 000/390 Loss 2.287 Prec@(1,5) (31.2%, 87.5%)
10/11 07:03:03 PM | Valid: [ 5/100] Step 050/390 Loss 2.273 Prec@(1,5) (34.1%, 87.7%)
10/11 07:03:08 PM | Valid: [ 5/100] Step 100/390 Loss 2.263 Prec@(1,5) (34.3%, 87.7%)
10/11 07:03:13 PM | Valid: [ 5/100] Step 150/390 Loss 2.296 Prec@(1,5) (34.0%, 87.3%)
10/11 07:03:19 PM | Valid: [ 5/100] Step 200/390 Loss 2.300 Prec@(1,5) (34.1%, 87.2%)
10/11 07:03:24 PM | Valid: [ 5/100] Step 250/390 Loss 2.314 Prec@(1,5) (33.9%, 87.0%)
10/11 07:03:29 PM | Valid: [ 5/100] Step 300/390 Loss 2.324 Prec@(1,5) (33.9%, 86.7%)
10/11 07:03:34 PM | Valid: [ 5/100] Step 350/390 Loss 2.320 Prec@(1,5) (33.9%, 86.7%)
10/11 07:03:38 PM | Valid: [ 5/100] Step 390/390 Loss 2.329 Prec@(1,5) (33.9%, 86.7%)
10/11 07:03:38 PM | Valid: [ 5/100] Final Prec@1 33.8960%
10/11 07:03:38 PM | genotype = Genotype(normal=[[('dil_conv_3x3', 0), ('sep_conv_3x3', 1)], [('dil_conv_3x3', 2), ('dil_conv_5x5', 1)], [('sep_conv_3x3', 1), ('sep_conv_3x3', 0)], [('sep_conv_5x5', 4), ('dil_conv_5x5', 3)]], normal_concat=range(2, 6), reduce=[[('sep_conv_3x3', 1), ('avg_pool_3x3', 0)], [('max_pool_3x3', 0), ('avg_pool_3x3', 1)], [('max_pool_3x3', 0), ('dil_conv_3x3', 2)], [('sep_conv_5x5', 2), ('dil_conv_5x5', 4)]], reduce_concat=range(2, 6))
####### ALPHA #######
# Alpha - normal
tensor([[0.1417, 0.1369, 0.1451, 0.1425, 0.1492, 0.1472, 0.1374],
        [0.1401, 0.1366, 0.1462, 0.1459, 0.1449, 0.1412, 0.1451]],
       device='cuda:0', grad_fn=<SoftmaxBackward>)
tensor([[0.1460, 0.1369, 0.1459, 0.1448, 0.1457, 0.1448, 0.1359],
        [0.1435, 0.1375, 0.1447, 0.1453, 0.1420, 0.1459, 0.1411],
        [0.1357, 0.1330, 0.1438, 0.1447, 0.1457, 0.1442, 0.1529]],
       device='cuda:0', grad_fn=<SoftmaxBackward>)
tensor([[0.1468, 0.1361, 0.1475, 0.1456, 0.1428, 0.1443, 0.1368],
        [0.1421, 0.1361, 0.1479, 0.1464, 0.1412, 0.1406, 0.1456],
        [0.1344, 0.1338, 0.1436, 0.1462, 0.1456, 0.1441, 0.1523],
        [0.1339, 0.1316, 0.1443, 0.1462, 0.1445, 0.1450, 0.1544]],
       device='cuda:0', grad_fn=<SoftmaxBackward>)
tensor([[0.1423, 0.1380, 0.1445, 0.1451, 0.1442, 0.1454, 0.1405],
        [0.1428, 0.1370, 0.1459, 0.1428, 0.1429, 0.1442, 0.1444],
        [0.1346, 0.1354, 0.1448, 0.1436, 0.1451, 0.1418, 0.1547],
        [0.1338, 0.1349, 0.1440, 0.1439, 0.1425, 0.1480, 0.1528],
        [0.1338, 0.1316, 0.1402, 0.1495, 0.1466, 0.1447, 0.1537]],
       device='cuda:0', grad_fn=<SoftmaxBackward>)

# Alpha - reduce
tensor([[0.1420, 0.1469, 0.1454, 0.1445, 0.1394, 0.1420, 0.1397],
        [0.1425, 0.1418, 0.1481, 0.1429, 0.1431, 0.1432, 0.1384]],
       device='cuda:0', grad_fn=<SoftmaxBackward>)
tensor([[0.1481, 0.1446, 0.1432, 0.1417, 0.1424, 0.1433, 0.1367],
        [0.1451, 0.1456, 0.1417, 0.1432, 0.1423, 0.1408, 0.1414],
        [0.1407, 0.1425, 0.1404, 0.1419, 0.1430, 0.1442, 0.1471]],
       device='cuda:0', grad_fn=<SoftmaxBackward>)
tensor([[0.1513, 0.1468, 0.1419, 0.1395, 0.1429, 0.1410, 0.1364],
        [0.1439, 0.1438, 0.1416, 0.1454, 0.1420, 0.1421, 0.1411],
        [0.1413, 0.1396, 0.1411, 0.1433, 0.1459, 0.1427, 0.1460],
        [0.1395, 0.1409, 0.1429, 0.1457, 0.1414, 0.1450, 0.1446]],
       device='cuda:0', grad_fn=<SoftmaxBackward>)
tensor([[0.1466, 0.1454, 0.1436, 0.1425, 0.1388, 0.1436, 0.1394],
        [0.1452, 0.1464, 0.1395, 0.1423, 0.1417, 0.1428, 0.1420],
        [0.1407, 0.1384, 0.1417, 0.1474, 0.1441, 0.1417, 0.1460],
        [0.1421, 0.1399, 0.1451, 0.1420, 0.1420, 0.1420, 0.1471],
        [0.1379, 0.1400, 0.1431, 0.1433, 0.1436, 0.1475, 0.1445]],
       device='cuda:0', grad_fn=<SoftmaxBackward>)
#####################

10/11 07:03:40 PM | Train: [ 6/100] Step 000/390 Loss 1.477 Prec@(1,5) (48.4%, 89.1%)
10/11 07:04:22 PM | Train: [ 6/100] Step 050/390 Loss 1.595 Prec@(1,5) (42.0%, 89.9%)
10/11 07:05:05 PM | Train: [ 6/100] Step 100/390 Loss 1.588 Prec@(1,5) (42.2%, 90.1%)
10/11 07:05:48 PM | Train: [ 6/100] Step 150/390 Loss 1.575 Prec@(1,5) (42.1%, 90.3%)
10/11 07:06:31 PM | Train: [ 6/100] Step 200/390 Loss 1.573 Prec@(1,5) (42.0%, 90.5%)
10/11 07:07:12 PM | Train: [ 6/100] Step 250/390 Loss 1.565 Prec@(1,5) (42.2%, 90.7%)
10/11 07:07:54 PM | Train: [ 6/100] Step 300/390 Loss 1.567 Prec@(1,5) (42.1%, 90.8%)
10/11 07:08:36 PM | Train: [ 6/100] Step 350/390 Loss 1.566 Prec@(1,5) (42.1%, 90.8%)
10/11 07:09:10 PM | Train: [ 6/100] Step 390/390 Loss 1.559 Prec@(1,5) (42.3%, 90.8%)
10/11 07:09:10 PM | Train: [ 6/100] Final Prec@1 42.3200%
10/11 07:09:10 PM | Valid: [ 6/100] Step 000/390 Loss 1.477 Prec@(1,5) (46.9%, 85.9%)
10/11 07:09:15 PM | Valid: [ 6/100] Step 050/390 Loss 1.690 Prec@(1,5) (40.2%, 90.1%)
10/11 07:09:20 PM | Valid: [ 6/100] Step 100/390 Loss 1.687 Prec@(1,5) (39.6%, 90.1%)
10/11 07:09:25 PM | Valid: [ 6/100] Step 150/390 Loss 1.693 Prec@(1,5) (39.6%, 89.8%)
10/11 07:09:30 PM | Valid: [ 6/100] Step 200/390 Loss 1.697 Prec@(1,5) (39.8%, 89.8%)
10/11 07:09:35 PM | Valid: [ 6/100] Step 250/390 Loss 1.695 Prec@(1,5) (40.0%, 89.9%)
10/11 07:09:40 PM | Valid: [ 6/100] Step 300/390 Loss 1.697 Prec@(1,5) (40.0%, 89.7%)
10/11 07:09:45 PM | Valid: [ 6/100] Step 350/390 Loss 1.705 Prec@(1,5) (39.9%, 89.5%)
10/11 07:09:48 PM | Valid: [ 6/100] Step 390/390 Loss 1.710 Prec@(1,5) (39.8%, 89.5%)
10/11 07:09:48 PM | Valid: [ 6/100] Final Prec@1 39.7960%
10/11 07:09:48 PM | genotype = Genotype(normal=[[('dil_conv_3x3', 0), ('sep_conv_3x3', 1)], [('dil_conv_5x5', 1), ('sep_conv_3x3', 0)], [('sep_conv_3x3', 1), ('max_pool_3x3', 0)], [('sep_conv_5x5', 4), ('dil_conv_5x5', 3)]], normal_concat=range(2, 6), reduce=[[('sep_conv_3x3', 1), ('avg_pool_3x3', 0)], [('max_pool_3x3', 0), ('avg_pool_3x3', 1)], [('max_pool_3x3', 0), ('dil_conv_3x3', 2)], [('dil_conv_5x5', 4), ('avg_pool_3x3', 1)]], reduce_concat=range(2, 6))
####### ALPHA #######
# Alpha - normal
tensor([[0.1424, 0.1357, 0.1464, 0.1440, 0.1491, 0.1481, 0.1343],
        [0.1405, 0.1361, 0.1469, 0.1461, 0.1450, 0.1415, 0.1440]],
       device='cuda:0', grad_fn=<SoftmaxBackward>)
tensor([[0.1468, 0.1360, 0.1470, 0.1462, 0.1459, 0.1447, 0.1333],
        [0.1436, 0.1372, 0.1441, 0.1456, 0.1417, 0.1470, 0.1407],
        [0.1349, 0.1322, 0.1436, 0.1446, 0.1459, 0.1432, 0.1555]],
       device='cuda:0', grad_fn=<SoftmaxBackward>)
tensor([[0.1485, 0.1355, 0.1480, 0.1463, 0.1433, 0.1445, 0.1339],
        [0.1431, 0.1347, 0.1492, 0.1470, 0.1403, 0.1415, 0.1443],
        [0.1341, 0.1334, 0.1428, 0.1466, 0.1449, 0.1440, 0.1543],
        [0.1328, 0.1298, 0.1446, 0.1475, 0.1437, 0.1463, 0.1554]],
       device='cuda:0', grad_fn=<SoftmaxBackward>)
tensor([[0.1462, 0.1382, 0.1453, 0.1453, 0.1430, 0.1436, 0.1385],
        [0.1437, 0.1373, 0.1464, 0.1434, 0.1418, 0.1432, 0.1443],
        [0.1330, 0.1348, 0.1446, 0.1441, 0.1449, 0.1417, 0.1569],
        [0.1327, 0.1346, 0.1426, 0.1444, 0.1420, 0.1484, 0.1553],
        [0.1325, 0.1307, 0.1406, 0.1500, 0.1467, 0.1444, 0.1551]],
       device='cuda:0', grad_fn=<SoftmaxBackward>)

# Alpha - reduce
tensor([[0.1420, 0.1468, 0.1453, 0.1452, 0.1397, 0.1421, 0.1389],
        [0.1431, 0.1425, 0.1488, 0.1421, 0.1426, 0.1432, 0.1376]],
       device='cuda:0', grad_fn=<SoftmaxBackward>)
tensor([[0.1484, 0.1457, 0.1431, 0.1418, 0.1419, 0.1439, 0.1352],
        [0.1457, 0.1467, 0.1419, 0.1432, 0.1424, 0.1402, 0.1400],
        [0.1414, 0.1417, 0.1403, 0.1425, 0.1428, 0.1430, 0.1483]],
       device='cuda:0', grad_fn=<SoftmaxBackward>)
tensor([[0.1535, 0.1464, 0.1423, 0.1377, 0.1434, 0.1408, 0.1358],
        [0.1453, 0.1444, 0.1421, 0.1453, 0.1412, 0.1409, 0.1408],
        [0.1409, 0.1400, 0.1417, 0.1438, 0.1462, 0.1412, 0.1462],
        [0.1390, 0.1398, 0.1420, 0.1463, 0.1415, 0.1453, 0.1461]],
       device='cuda:0', grad_fn=<SoftmaxBackward>)
tensor([[0.1474, 0.1462, 0.1441, 0.1419, 0.1387, 0.1431, 0.1385],
        [0.1450, 0.1476, 0.1388, 0.1416, 0.1417, 0.1430, 0.1422],
        [0.1416, 0.1385, 0.1401, 0.1475, 0.1436, 0.1419, 0.1468],
        [0.1406, 0.1395, 0.1459, 0.1429, 0.1423, 0.1431, 0.1457],
        [0.1373, 0.1386, 0.1433, 0.1436, 0.1436, 0.1484, 0.1451]],
       device='cuda:0', grad_fn=<SoftmaxBackward>)
#####################

10/11 07:09:50 PM | Train: [ 7/100] Step 000/390 Loss 1.658 Prec@(1,5) (45.3%, 89.1%)
10/11 07:10:32 PM | Train: [ 7/100] Step 050/390 Loss 1.511 Prec@(1,5) (45.1%, 91.7%)
10/11 07:11:15 PM | Train: [ 7/100] Step 100/390 Loss 1.492 Prec@(1,5) (45.1%, 91.9%)
10/11 07:11:58 PM | Train: [ 7/100] Step 150/390 Loss 1.495 Prec@(1,5) (44.5%, 91.8%)
10/11 07:12:41 PM | Train: [ 7/100] Step 200/390 Loss 1.499 Prec@(1,5) (44.5%, 91.8%)
10/11 07:13:24 PM | Train: [ 7/100] Step 250/390 Loss 1.492 Prec@(1,5) (44.6%, 91.9%)
10/11 07:14:07 PM | Train: [ 7/100] Step 300/390 Loss 1.495 Prec@(1,5) (44.7%, 91.8%)
10/11 07:14:50 PM | Train: [ 7/100] Step 350/390 Loss 1.493 Prec@(1,5) (44.7%, 91.8%)
10/11 07:15:24 PM | Train: [ 7/100] Step 390/390 Loss 1.490 Prec@(1,5) (44.8%, 91.8%)
10/11 07:15:24 PM | Train: [ 7/100] Final Prec@1 44.7800%
10/11 07:15:25 PM | Valid: [ 7/100] Step 000/390 Loss 2.447 Prec@(1,5) (35.9%, 90.6%)
10/11 07:15:31 PM | Valid: [ 7/100] Step 050/390 Loss 2.332 Prec@(1,5) (37.2%, 87.9%)
10/11 07:15:37 PM | Valid: [ 7/100] Step 100/390 Loss 2.294 Prec@(1,5) (37.3%, 88.0%)
10/11 07:15:42 PM | Valid: [ 7/100] Step 150/390 Loss 2.320 Prec@(1,5) (37.1%, 88.0%)
10/11 07:15:47 PM | Valid: [ 7/100] Step 200/390 Loss 2.314 Prec@(1,5) (37.5%, 87.8%)
10/11 07:15:53 PM | Valid: [ 7/100] Step 250/390 Loss 2.315 Prec@(1,5) (37.2%, 87.6%)
10/11 07:15:58 PM | Valid: [ 7/100] Step 300/390 Loss 2.318 Prec@(1,5) (37.3%, 87.6%)
10/11 07:16:04 PM | Valid: [ 7/100] Step 350/390 Loss 2.321 Prec@(1,5) (37.2%, 87.5%)
10/11 07:16:08 PM | Valid: [ 7/100] Step 390/390 Loss 2.313 Prec@(1,5) (37.3%, 87.6%)
10/11 07:16:08 PM | Valid: [ 7/100] Final Prec@1 37.2760%
10/11 07:16:08 PM | genotype = Genotype(normal=[[('dil_conv_3x3', 0), ('sep_conv_3x3', 1)], [('sep_conv_3x3', 0), ('dil_conv_5x5', 1)], [('sep_conv_3x3', 1), ('max_pool_3x3', 0)], [('sep_conv_5x5', 4), ('dil_conv_5x5', 3)]], normal_concat=range(2, 6), reduce=[[('sep_conv_3x3', 1), ('avg_pool_3x3', 0)], [('max_pool_3x3', 0), ('avg_pool_3x3', 1)], [('max_pool_3x3', 0), ('max_pool_3x3', 1)], [('dil_conv_5x5', 4), ('avg_pool_3x3', 1)]], reduce_concat=range(2, 6))
####### ALPHA #######
# Alpha - normal
tensor([[0.1419, 0.1352, 0.1476, 0.1456, 0.1500, 0.1478, 0.1320],
        [0.1411, 0.1356, 0.1483, 0.1452, 0.1452, 0.1411, 0.1434]],
       device='cuda:0', grad_fn=<SoftmaxBackward>)
tensor([[0.1475, 0.1360, 0.1483, 0.1465, 0.1475, 0.1443, 0.1299],
        [0.1453, 0.1368, 0.1447, 0.1452, 0.1414, 0.1472, 0.1394],
        [0.1346, 0.1304, 0.1437, 0.1450, 0.1454, 0.1433, 0.1577]],
       device='cuda:0', grad_fn=<SoftmaxBackward>)
tensor([[0.1488, 0.1354, 0.1477, 0.1476, 0.1441, 0.1443, 0.1322],
        [0.1443, 0.1350, 0.1504, 0.1470, 0.1402, 0.1409, 0.1421],
        [0.1332, 0.1319, 0.1422, 0.1463, 0.1448, 0.1461, 0.1554],
        [0.1311, 0.1285, 0.1455, 0.1457, 0.1437, 0.1468, 0.1587]],
       device='cuda:0', grad_fn=<SoftmaxBackward>)
tensor([[0.1485, 0.1374, 0.1454, 0.1439, 0.1428, 0.1447, 0.1372],
        [0.1435, 0.1377, 0.1474, 0.1433, 0.1418, 0.1432, 0.1432],
        [0.1327, 0.1345, 0.1443, 0.1449, 0.1432, 0.1408, 0.1596],
        [0.1326, 0.1332, 0.1423, 0.1435, 0.1416, 0.1493, 0.1574],
        [0.1318, 0.1287, 0.1418, 0.1502, 0.1471, 0.1434, 0.1570]],
       device='cuda:0', grad_fn=<SoftmaxBackward>)

# Alpha - reduce
tensor([[0.1414, 0.1476, 0.1463, 0.1449, 0.1398, 0.1426, 0.1375],
        [0.1438, 0.1419, 0.1488, 0.1415, 0.1428, 0.1422, 0.1390]],
       device='cuda:0', grad_fn=<SoftmaxBackward>)
tensor([[0.1492, 0.1474, 0.1437, 0.1424, 0.1407, 0.1438, 0.1328],
        [0.1462, 0.1471, 0.1421, 0.1437, 0.1415, 0.1403, 0.1390],
        [0.1411, 0.1420, 0.1416, 0.1410, 0.1416, 0.1434, 0.1493]],
       device='cuda:0', grad_fn=<SoftmaxBackward>)
tensor([[0.1539, 0.1470, 0.1430, 0.1370, 0.1432, 0.1405, 0.1353],
        [0.1471, 0.1439, 0.1425, 0.1461, 0.1402, 0.1399, 0.1403],
        [0.1422, 0.1391, 0.1417, 0.1443, 0.1443, 0.1415, 0.1469],
        [0.1384, 0.1384, 0.1426, 0.1458, 0.1419, 0.1454, 0.1475]],
       device='cuda:0', grad_fn=<SoftmaxBackward>)
tensor([[0.1479, 0.1459, 0.1448, 0.1432, 0.1380, 0.1430, 0.1372],
        [0.1464, 0.1487, 0.1388, 0.1406, 0.1413, 0.1429, 0.1412],
        [0.1412, 0.1380, 0.1406, 0.1480, 0.1431, 0.1419, 0.1472],
        [0.1406, 0.1378, 0.1469, 0.1424, 0.1417, 0.1435, 0.1471],
        [0.1356, 0.1392, 0.1423, 0.1436, 0.1440, 0.1496, 0.1456]],
       device='cuda:0', grad_fn=<SoftmaxBackward>)
#####################

10/11 07:16:10 PM | Train: [ 8/100] Step 000/390 Loss 1.739 Prec@(1,5) (35.9%, 89.1%)
10/11 07:16:54 PM | Train: [ 8/100] Step 050/390 Loss 1.425 Prec@(1,5) (47.0%, 92.8%)
10/11 07:17:37 PM | Train: [ 8/100] Step 100/390 Loss 1.428 Prec@(1,5) (47.1%, 92.7%)
10/11 07:18:21 PM | Train: [ 8/100] Step 150/390 Loss 1.418 Prec@(1,5) (47.6%, 93.0%)
10/11 07:19:04 PM | Train: [ 8/100] Step 200/390 Loss 1.421 Prec@(1,5) (47.6%, 92.8%)
10/11 07:19:40 PM | Train: [ 8/100] Step 250/390 Loss 1.420 Prec@(1,5) (47.5%, 92.8%)
10/11 07:20:15 PM | Train: [ 8/100] Step 300/390 Loss 1.426 Prec@(1,5) (47.4%, 92.7%)
10/11 07:20:51 PM | Train: [ 8/100] Step 350/390 Loss 1.417 Prec@(1,5) (47.7%, 92.8%)
10/11 07:21:20 PM | Train: [ 8/100] Step 390/390 Loss 1.415 Prec@(1,5) (47.9%, 92.9%)
10/11 07:21:20 PM | Train: [ 8/100] Final Prec@1 47.8640%
10/11 07:21:20 PM | Valid: [ 8/100] Step 000/390 Loss 1.783 Prec@(1,5) (31.2%, 87.5%)
10/11 07:21:26 PM | Valid: [ 8/100] Step 050/390 Loss 1.636 Prec@(1,5) (37.9%, 90.4%)
10/11 07:21:32 PM | Valid: [ 8/100] Step 100/390 Loss 1.634 Prec@(1,5) (37.3%, 90.5%)
10/11 07:21:38 PM | Valid: [ 8/100] Step 150/390 Loss 1.630 Prec@(1,5) (37.5%, 90.4%)
10/11 07:21:43 PM | Valid: [ 8/100] Step 200/390 Loss 1.630 Prec@(1,5) (37.4%, 90.3%)
10/11 07:21:49 PM | Valid: [ 8/100] Step 250/390 Loss 1.624 Prec@(1,5) (37.6%, 90.4%)
10/11 07:21:55 PM | Valid: [ 8/100] Step 300/390 Loss 1.626 Prec@(1,5) (37.5%, 90.3%)
10/11 07:22:01 PM | Valid: [ 8/100] Step 350/390 Loss 1.625 Prec@(1,5) (37.5%, 90.3%)
10/11 07:22:06 PM | Valid: [ 8/100] Step 390/390 Loss 1.626 Prec@(1,5) (37.4%, 90.3%)
10/11 07:22:06 PM | Valid: [ 8/100] Final Prec@1 37.4400%
10/11 07:22:06 PM | genotype = Genotype(normal=[[('dil_conv_3x3', 0), ('sep_conv_3x3', 1)], [('sep_conv_3x3', 0), ('sep_conv_5x5', 2)], [('sep_conv_3x3', 1), ('max_pool_3x3', 0)], [('sep_conv_5x5', 4), ('dil_conv_5x5', 3)]], normal_concat=range(2, 6), reduce=[[('avg_pool_3x3', 0), ('sep_conv_3x3', 1)], [('max_pool_3x3', 0), ('avg_pool_3x3', 1)], [('max_pool_3x3', 0), ('max_pool_3x3', 1)], [('dil_conv_5x5', 4), ('max_pool_3x3', 0)]], reduce_concat=range(2, 6))
####### ALPHA #######
# Alpha - normal
tensor([[0.1416, 0.1346, 0.1489, 0.1478, 0.1513, 0.1467, 0.1290],
        [0.1412, 0.1360, 0.1478, 0.1457, 0.1458, 0.1415, 0.1420]],
       device='cuda:0', grad_fn=<SoftmaxBackward>)
tensor([[0.1480, 0.1359, 0.1508, 0.1477, 0.1475, 0.1430, 0.1271],
        [0.1468, 0.1355, 0.1454, 0.1458, 0.1429, 0.1459, 0.1377],
        [0.1334, 0.1295, 0.1434, 0.1463, 0.1456, 0.1421, 0.1596]],
       device='cuda:0', grad_fn=<SoftmaxBackward>)
tensor([[0.1511, 0.1353, 0.1485, 0.1463, 0.1441, 0.1439, 0.1309],
        [0.1462, 0.1349, 0.1517, 0.1478, 0.1401, 0.1389, 0.1405],
        [0.1331, 0.1318, 0.1414, 0.1457, 0.1453, 0.1447, 0.1580],
        [0.1306, 0.1273, 0.1447, 0.1467, 0.1444, 0.1454, 0.1609]],
       device='cuda:0', grad_fn=<SoftmaxBackward>)
tensor([[0.1504, 0.1367, 0.1451, 0.1448, 0.1425, 0.1449, 0.1356],
        [0.1447, 0.1379, 0.1488, 0.1450, 0.1411, 0.1411, 0.1413],
        [0.1321, 0.1326, 0.1439, 0.1455, 0.1427, 0.1412, 0.1620],
        [0.1320, 0.1326, 0.1415, 0.1435, 0.1412, 0.1496, 0.1595],
        [0.1307, 0.1276, 0.1417, 0.1507, 0.1458, 0.1438, 0.1597]],
       device='cuda:0', grad_fn=<SoftmaxBackward>)

# Alpha - reduce
tensor([[0.1425, 0.1492, 0.1446, 0.1443, 0.1402, 0.1424, 0.1368],
        [0.1435, 0.1428, 0.1484, 0.1414, 0.1440, 0.1421, 0.1378]],
       device='cuda:0', grad_fn=<SoftmaxBackward>)
tensor([[0.1507, 0.1477, 0.1430, 0.1427, 0.1406, 0.1434, 0.1320],
        [0.1466, 0.1473, 0.1433, 0.1428, 0.1402, 0.1412, 0.1386],
        [0.1402, 0.1414, 0.1413, 0.1430, 0.1410, 0.1421, 0.1512]],
       device='cuda:0', grad_fn=<SoftmaxBackward>)
tensor([[0.1547, 0.1480, 0.1419, 0.1385, 0.1434, 0.1398, 0.1337],
        [0.1479, 0.1451, 0.1427, 0.1447, 0.1392, 0.1408, 0.1395],
        [0.1426, 0.1382, 0.1414, 0.1449, 0.1439, 0.1416, 0.1475],
        [0.1381, 0.1379, 0.1419, 0.1479, 0.1425, 0.1438, 0.1479]],
       device='cuda:0', grad_fn=<SoftmaxBackward>)
tensor([[0.1492, 0.1461, 0.1453, 0.1434, 0.1380, 0.1422, 0.1357],
        [0.1480, 0.1485, 0.1392, 0.1407, 0.1414, 0.1429, 0.1393],
        [0.1410, 0.1388, 0.1392, 0.1481, 0.1411, 0.1443, 0.1475],
        [0.1400, 0.1362, 0.1469, 0.1429, 0.1406, 0.1446, 0.1489],
        [0.1353, 0.1389, 0.1409, 0.1432, 0.1448, 0.1502, 0.1468]],
       device='cuda:0', grad_fn=<SoftmaxBackward>)
#####################

10/11 07:22:07 PM | Train: [ 9/100] Step 000/390 Loss 1.161 Prec@(1,5) (62.5%, 98.4%)
10/11 07:22:46 PM | Train: [ 9/100] Step 050/390 Loss 1.377 Prec@(1,5) (48.5%, 93.9%)
10/11 07:23:25 PM | Train: [ 9/100] Step 100/390 Loss 1.374 Prec@(1,5) (49.0%, 93.6%)
10/11 07:24:09 PM | Train: [ 9/100] Step 150/390 Loss 1.355 Prec@(1,5) (49.9%, 93.7%)
10/11 07:24:53 PM | Train: [ 9/100] Step 200/390 Loss 1.356 Prec@(1,5) (50.2%, 93.7%)
10/11 07:25:32 PM | Train: [ 9/100] Step 250/390 Loss 1.354 Prec@(1,5) (50.5%, 93.6%)
10/11 07:26:07 PM | Train: [ 9/100] Step 300/390 Loss 1.354 Prec@(1,5) (50.5%, 93.6%)
10/11 07:26:50 PM | Train: [ 9/100] Step 350/390 Loss 1.353 Prec@(1,5) (50.6%, 93.5%)
10/11 07:27:26 PM | Train: [ 9/100] Step 390/390 Loss 1.351 Prec@(1,5) (50.8%, 93.6%)
